 0 -0.0343959406018 0 -0.0329607725143 0 0.182017400861 0 0.559447742999 0 -0.0225040093064 0 0.668323993683 0 1.29016464949 0 0.684472210705 0 0.664055876434 0 0.679638512433 0
 0 -0.0343959406018 0 0.182017400861 0 0.559447742999 0 -0.0225040093064 0 0.668323993683 0 1.29016464949 0 0.684472210705 0 0.664055876434 0 0.679638512433 0 0.687775984406 0
 0 -0.0343959406018 0 0.182017400861 0 0.559447742999 0 -0.0225040093064 0 0.668323993683 0 1.29016464949 0 0.684472210705 0 0.664055876434 0 0.679638512433 0 0.687775984406 0
 0 -0.0343959406018 0 0.182017400861 0 0.559447742999 0 -0.0225040093064 0 0.668323993683 0 1.29016464949 0 0.684472210705 0 0.664055876434 0 0.679638512433 0 0.687775984406 0
 0 -0.0343959406018 0 0.182017400861 0 -0.0225040093064 0 0.668323993683 0 1.29016464949 0 0.684472210705 0 0.664055876434 0 0.679638512433 0 0.687775984406 0 -0.0155175030231 0
 0 -0.0343959406018 0 -0.0225040093064 0 0.668323993683 0 1.29016464949 0 0.684472210705 0 0.664055876434 0 0.679638512433 0 0.687775984406 0 -0.0155175030231 0 0.69082121551 0
 0 -0.0343959406018 0 -0.0225040093064 0 0.668323993683 0 1.29016464949 0 0.664055876434 0 0.679638512433 0 0.687775984406 0 -0.0155175030231 0 0.69082121551 0 -0.0194263197482 0
 0 -0.0343959406018 0 0.668323993683 0 1.29016464949 0 0.664055876434 0 0.679638512433 0 0.687775984406 0 -0.0155175030231 0 0.69082121551 0 -0.0194263197482 0 1.23029398918 0
 0 -0.0343959406018 0 0.668323993683 0 1.29016464949 0 0.664055876434 0 0.679638512433 0 0.687775984406 0 -0.0155175030231 0 0.69082121551 0 1.23029398918 0 -0.0213332287967 0
 0 0.668323993683 0 1.29016464949 0 0.664055876434 0 0.679638512433 0 0.687775984406 0 -0.0155175030231 0 0.69082121551 0 1.23029398918 0 -0.0213332287967 0 0.701918039471 0
 0 0.668323993683 0 1.29016464949 0 0.664055876434 0 0.679638512433 0 0.687775984406 0 -0.0155175030231 0 0.69082121551 0 1.23029398918 0 0.701918039471 0 -0.0214859172702 0
 0 0.668323993683 0 1.29016464949 0 0.679638512433 0 0.687775984406 0 -0.0155175030231 0 0.69082121551 0 1.23029398918 0 0.701918039471 0 -0.0214859172702 0 0.708781719208 0
 0 0.668323993683 0 1.29016464949 0 0.679638512433 0 0.687775984406 0 -0.0155175030231 0 0.69082121551 0 1.23029398918 0 0.701918039471 0 -0.0214859172702 0 0.708781719208 0
 0 1.29016464949 0 0.679638512433 0 0.687775984406 0 -0.0155175030231 0 0.69082121551 0 1.23029398918 0 0.701918039471 0 -0.0214859172702 0 0.708781719208 0 1.29365128279 0
 0 1.29016464949 0 0.679638512433 0 0.687775984406 0 -0.0155175030231 0 0.69082121551 0 1.23029398918 0 0.701918039471 0 0.708781719208 0 1.29365128279 0 0.541010685265 0
 0 1.29016464949 0 0.679638512433 0 0.687775984406 0 -0.0155175030231 0 0.69082121551 0 1.23029398918 0 0.701918039471 0 0.708781719208 0 1.29365128279 0 -1.49011611938e-08 0
 0 1.29016464949 0 0.687775984406 0 -0.0155175030231 0 0.69082121551 0 1.23029398918 0 0.701918039471 0 0.708781719208 0 1.29365128279 0 -1.49011611938e-08 0 0.435311250389 0
 0 1.29016464949 0 0.687775984406 0 -0.0155175030231 0 0.69082121551 0 1.23029398918 0 0.701918039471 0 0.708781719208 0 1.29365128279 0 -1.49011611938e-08 0 -0.0105936378241 0
 0 1.29016464949 0 0.687775984406 0 -0.0155175030231 0 0.69082121551 0 1.23029398918 0 0.701918039471 0 0.708781719208 0 1.29365128279 0 -1.49011611938e-08 0 0.0 0
 0 1.29016464949 0 -0.0155175030231 0 0.69082121551 0 1.23029398918 0 0.701918039471 0 0.708781719208 0 1.29365128279 0 -1.49011611938e-08 0 0.0 0 0.0 0
 0 1.29016464949 0 0.69082121551 0 1.23029398918 0 0.701918039471 0 0.708781719208 0 1.29365128279 0 -1.49011611938e-08 0 0.0 0 0.0 0 1.31166493893 0
 0 1.29016464949 0 0.69082121551 0 1.23029398918 0 0.701918039471 0 0.708781719208 0 1.29365128279 0 -1.49011611938e-08 0 0.0 0 1.31166493893 0 0.602860927582 0
 0 1.29016464949 0 0.69082121551 0 1.23029398918 0 0.701918039471 0 0.708781719208 0 -1.49011611938e-08 0 0.0 0 1.31166493893 0 0.602860927582 0 0.689292907715 0
 0 1.29016464949 0 0.69082121551 0 0.701918039471 0 0.708781719208 0 -1.49011611938e-08 0 0.0 0 1.31166493893 0 0.602860927582 0 0.689292907715 0 1.29124686122 0
 0 1.29016464949 0 0.69082121551 0 0.701918039471 0 0.708781719208 0 -1.49011611938e-08 0 0.0 0 1.31166493893 0 0.602860927582 0 1.29124686122 0 0.68466796726 0
 0 1.29016464949 0 0.69082121551 0 0.701918039471 0 0.708781719208 0 -1.49011611938e-08 0 1.31166493893 0 0.602860927582 0 1.29124686122 0 0.68466796726 0 0.688007384539 0
 0 1.29016464949 0 0.69082121551 0 0.701918039471 0 0.708781719208 0 1.31166493893 0 0.602860927582 0 1.29124686122 0 0.68466796726 0 0.688007384539 0 0.682484120131 0
 0 1.29016464949 0 0.69082121551 0 0.701918039471 0 0.708781719208 0 1.31166493893 0 0.602860927582 0 1.29124686122 0 0.68466796726 0 0.682484120131 0 0.688095539808 0
 0 1.29016464949 0 0.69082121551 0 0.701918039471 0 0.708781719208 0 1.31166493893 0 0.602860927582 0 1.29124686122 0 0.682484120131 0 0.688095539808 0 1.29192107916 0
 0 0.69082121551 0 0.701918039471 0 0.708781719208 0 1.31166493893 0 0.602860927582 0 1.29124686122 0 0.682484120131 0 0.688095539808 0 1.29192107916 0 1.29033190012 0
 0 0.69082121551 0 0.701918039471 0 0.708781719208 0 1.31166493893 0 0.602860927582 0 1.29124686122 0 0.682484120131 0 0.688095539808 0 1.29192107916 0 1.29033190012 0
 0 0.69082121551 0 0.701918039471 0 0.708781719208 0 1.31166493893 0 0.602860927582 0 1.29124686122 0 0.688095539808 0 1.29192107916 0 1.29033190012 0 0.693069048226 0
 0 0.69082121551 0 0.701918039471 0 0.708781719208 0 1.31166493893 0 0.602860927582 0 1.29124686122 0 0.688095539808 0 1.29192107916 0 0.693069048226 0 0.600539445877 0
 0 0.69082121551 0 0.701918039471 0 0.708781719208 0 1.31166493893 0 0.602860927582 0 1.29124686122 0 0.688095539808 0 1.29192107916 0 0.693069048226 0 0.709204882383 0
 0 0.69082121551 0 0.701918039471 0 0.708781719208 0 1.31166493893 0 0.602860927582 0 1.29124686122 0 0.688095539808 0 1.29192107916 0 0.709204882383 0 0.686821222305 0
 0 0.69082121551 0 0.701918039471 0 0.708781719208 0 1.31166493893 0 0.602860927582 0 1.29124686122 0 0.688095539808 0 1.29192107916 0 0.709204882383 0 0.686821222305 0
 0 0.701918039471 0 0.708781719208 0 1.31166493893 0 0.602860927582 0 1.29124686122 0 0.688095539808 0 1.29192107916 0 0.709204882383 0 0.686821222305 0 0.692322969437 0
 0 0.701918039471 0 0.708781719208 0 1.31166493893 0 0.602860927582 0 1.29124686122 0 0.688095539808 0 1.29192107916 0 0.709204882383 0 0.686821222305 0 0.692322969437 0
 0 0.701918039471 0 0.708781719208 0 1.31166493893 0 0.602860927582 0 1.29124686122 0 1.29192107916 0 0.709204882383 0 0.686821222305 0 0.692322969437 0 0.708792004734 0
 0 0.701918039471 0 1.31166493893 0 0.602860927582 0 1.29124686122 0 1.29192107916 0 0.709204882383 0 0.686821222305 0 0.692322969437 0 0.708792004734 0 1.29277354479 0
 0 0.701918039471 0 1.31166493893 0 1.29124686122 0 1.29192107916 0 0.709204882383 0 0.686821222305 0 0.692322969437 0 0.708792004734 0 1.29277354479 0 1.28927126527 0
 0 0.701918039471 0 1.31166493893 0 1.29124686122 0 1.29192107916 0 0.709204882383 0 0.686821222305 0 0.692322969437 0 0.708792004734 0 1.29277354479 0 0.0 0
 0 0.701918039471 0 1.31166493893 0 1.29124686122 0 1.29192107916 0 0.709204882383 0 0.686821222305 0 0.692322969437 0 1.29277354479 0 0.0 0 0.602860867977 0
 0 0.701918039471 0 1.31166493893 0 1.29124686122 0 1.29192107916 0 0.709204882383 0 0.686821222305 0 0.692322969437 0 1.29277354479 0 0.0 0 0.602860867977 0
 0 0.701918039471 0 1.31166493893 0 1.29192107916 0 0.709204882383 0 0.686821222305 0 0.692322969437 0 1.29277354479 0 0.0 0 0.602860867977 0 0.687447957695 0
 0 0.701918039471 0 1.31166493893 0 1.29192107916 0 0.709204882383 0 0.686821222305 0 0.692322969437 0 1.29277354479 0 0.0 0 0.602860867977 0 1.2889996171 0
 0 0.701918039471 0 1.31166493893 0 1.29192107916 0 0.709204882383 0 0.686821222305 0 1.29277354479 0 0.0 0 0.602860867977 0 1.2889996171 0 1.31352120638 0
 0 0.701918039471 0 1.31166493893 0 1.29192107916 0 0.709204882383 0 1.29277354479 0 0.0 0 0.602860867977 0 1.2889996171 0 1.31352120638 0 1.29086947441 0
 0 0.701918039471 0 1.31166493893 0 1.29192107916 0 0.709204882383 0 1.29277354479 0 0.0 0 1.2889996171 0 1.31352120638 0 1.29086947441 0 0.58345580101 0
 0 0.701918039471 0 1.31166493893 0 1.29192107916 0 0.709204882383 0 1.29277354479 0 0.0 0 1.2889996171 0 1.31352120638 0 1.29086947441 0 0.58345580101 0
 0 0.701918039471 0 1.31166493893 0 1.29192107916 0 1.29277354479 0 0.0 0 1.2889996171 0 1.31352120638 0 1.29086947441 0 0.58345580101 0 0.650817245245 0
 0 0.701918039471 0 1.31166493893 0 1.29192107916 0 1.29277354479 0 0.0 0 1.31352120638 0 1.29086947441 0 0.58345580101 0 0.650817245245 0 1.28750154376 0
 0 0.701918039471 0 1.31166493893 0 1.29192107916 0 1.29277354479 0 0.0 0 1.31352120638 0 1.29086947441 0 0.58345580101 0 1.28750154376 0 1.28838670254 0
 0 0.701918039471 0 1.31166493893 0 1.29192107916 0 1.29277354479 0 0.0 0 1.31352120638 0 1.29086947441 0 0.58345580101 0 1.28750154376 0 1.28838670254 0
 0 1.31166493893 0 1.29192107916 0 1.29277354479 0 0.0 0 1.31352120638 0 1.29086947441 0 0.58345580101 0 1.28750154376 0 1.28838670254 0 1.3320517838 0
 0 1.31166493893 0 1.29192107916 0 1.29277354479 0 0.0 0 1.31352120638 0 0.58345580101 0 1.28750154376 0 1.28838670254 0 1.3320517838 0 1.28927066922 0
 0 1.31166493893 0 1.29192107916 0 1.29277354479 0 0.0 0 1.31352120638 0 1.28750154376 0 1.28838670254 0 1.3320517838 0 1.28927066922 0 1.29289090633 0
 0 1.31166493893 0 1.29192107916 0 1.29277354479 0 0.0 0 1.31352120638 0 1.28750154376 0 1.28838670254 0 1.3320517838 0 1.29289090633 0 1.31291800737 0
 0 1.31166493893 0 1.29277354479 0 0.0 0 1.31352120638 0 1.28750154376 0 1.28838670254 0 1.3320517838 0 1.29289090633 0 1.31291800737 0 1.29311305285 0
 0 1.31166493893 0 1.29277354479 0 0.0 0 1.28750154376 0 1.28838670254 0 1.3320517838 0 1.29289090633 0 1.31291800737 0 1.29311305285 0 1.2889765501 0
 0 1.29277354479 0 0.0 0 1.28750154376 0 1.28838670254 0 1.3320517838 0 1.29289090633 0 1.31291800737 0 1.29311305285 0 1.2889765501 0 1.31056261063 0
 0 1.29277354479 0 0.0 0 1.28750154376 0 1.28838670254 0 1.3320517838 0 1.29289090633 0 1.31291800737 0 1.2889765501 0 1.31056261063 0 1.30938598514 0
 0 1.29277354479 0 0.0 0 1.28750154376 0 1.28838670254 0 1.3320517838 0 1.29289090633 0 1.31291800737 0 1.31056261063 0 1.30938598514 0 1.30853641033 0
 0 0.0 0 1.28750154376 0 1.28838670254 0 1.3320517838 0 1.29289090633 0 1.31291800737 0 1.31056261063 0 1.30938598514 0 1.30853641033 0 1.31330311298 0
 0 0.0 0 1.28750154376 0 1.28838670254 0 1.3320517838 0 1.31291800737 0 1.31056261063 0 1.30938598514 0 1.30853641033 0 1.31330311298 0 0.602863430977 0
 0 0.0 0 1.28750154376 0 1.28838670254 0 1.3320517838 0 1.31056261063 0 1.30938598514 0 1.30853641033 0 1.31330311298 0 0.602863430977 0 1.31171756983 0
 0 0.0 0 1.28750154376 0 1.28838670254 0 1.3320517838 0 1.31056261063 0 1.30938598514 0 1.31330311298 0 0.602863430977 0 1.31171756983 0 1.30850148201 0
 0 0.0 0 1.28750154376 0 1.28838670254 0 1.3320517838 0 1.31056261063 0 1.30938598514 0 1.31330311298 0 0.602863430977 0 1.31171756983 0 1.30850148201 0
 0 1.28750154376 0 1.28838670254 0 1.3320517838 0 1.31056261063 0 1.30938598514 0 1.31330311298 0 0.602863430977 0 1.31171756983 0 1.30850148201 0 1.30903431773 0
 0 1.28750154376 0 1.28838670254 0 1.3320517838 0 1.31056261063 0 1.30938598514 0 1.31330311298 0 0.602863430977 0 1.31171756983 0 1.30850148201 0 1.30903431773 0
 0 1.28750154376 0 1.3320517838 0 1.31056261063 0 1.30938598514 0 1.31330311298 0 0.602863430977 0 1.31171756983 0 1.30850148201 0 1.30903431773 0 1.3120277226 0
 0 1.28750154376 0 1.3320517838 0 1.31056261063 0 1.30938598514 0 1.31330311298 0 0.602863430977 0 1.31171756983 0 1.30850148201 0 1.30903431773 0 1.31115415692 0
 0 1.28750154376 0 1.3320517838 0 1.31056261063 0 1.30938598514 0 1.31330311298 0 0.602863430977 0 1.31171756983 0 1.30850148201 0 1.30903431773 0 0.610627442598 0
 0 1.28750154376 0 1.3320517838 0 1.31056261063 0 1.30938598514 0 1.31330311298 0 0.602863430977 0 1.31171756983 0 1.30850148201 0 1.30903431773 0 0.610627442598 0
 0 1.28750154376 0 1.3320517838 0 1.31056261063 0 1.31330311298 0 0.602863430977 0 1.31171756983 0 1.30850148201 0 1.30903431773 0 0.610627442598 0 0.590605765581 0
 0 1.28750154376 0 1.3320517838 0 1.31056261063 0 1.31330311298 0 0.602863430977 0 1.31171756983 0 1.30850148201 0 1.30903431773 0 0.610627442598 0 0.691773682833 0
 0 1.28750154376 0 1.3320517838 0 1.31330311298 0 0.602863430977 0 1.31171756983 0 1.30850148201 0 1.30903431773 0 0.610627442598 0 0.691773682833 0 0.608707755804 0
 0 1.28750154376 0 1.3320517838 0 1.31330311298 0 0.602863430977 0 1.31171756983 0 1.30903431773 0 0.610627442598 0 0.691773682833 0 0.608707755804 0 0.702360987663 0
 0 1.28750154376 0 1.3320517838 0 1.31330311298 0 0.602863430977 0 1.31171756983 0 1.30903431773 0 0.610627442598 0 0.691773682833 0 0.608707755804 0 0.702360987663 0
 0 1.28750154376 0 1.3320517838 0 1.31330311298 0 1.31171756983 0 1.30903431773 0 0.610627442598 0 0.691773682833 0 0.608707755804 0 0.702360987663 0 0.623271346092 0
 0 1.28750154376 0 1.3320517838 0 1.31330311298 0 1.31171756983 0 1.30903431773 0 0.610627442598 0 0.691773682833 0 0.702360987663 0 0.623271346092 0 1.30997371674 0
 0 1.28750154376 0 1.3320517838 0 1.31330311298 0 1.31171756983 0 1.30903431773 0 0.610627442598 0 0.691773682833 0 0.702360987663 0 0.623271346092 0 1.30997371674 0
 0 1.28750154376 0 1.3320517838 0 1.31330311298 0 1.31171756983 0 1.30903431773 0 0.610627442598 0 0.702360987663 0 0.623271346092 0 1.30997371674 0 0.62327131629 0
 0 1.28750154376 0 1.3320517838 0 1.31330311298 0 1.30903431773 0 0.610627442598 0 0.702360987663 0 0.623271346092 0 1.30997371674 0 0.62327131629 0 0.98702609539 0
 0 1.28750154376 0 1.3320517838 0 1.31330311298 0 1.30903431773 0 0.610627442598 0 0.702360987663 0 0.623271346092 0 1.30997371674 0 0.62327131629 0 0.98702609539 0
 0 1.3320517838 0 1.31330311298 0 1.30903431773 0 0.610627442598 0 0.702360987663 0 0.623271346092 0 1.30997371674 0 0.62327131629 0 0.98702609539 0 0.674649246037 0
 0 1.3320517838 0 1.31330311298 0 1.30903431773 0 0.610627442598 0 0.702360987663 0 0.623271346092 0 0.62327131629 0 0.98702609539 0 0.674649246037 0 1.30850619078 0
 0 1.3320517838 0 1.31330311298 0 1.30903431773 0 0.610627442598 0 0.702360987663 0 0.623271346092 0 0.62327131629 0 0.98702609539 0 0.674649246037 0 1.30850619078 0
 0 1.3320517838 0 1.31330311298 0 1.30903431773 0 0.702360987663 0 0.623271346092 0 0.62327131629 0 0.98702609539 0 0.674649246037 0 1.30850619078 0 0.623268306255 0
 0 1.3320517838 0 1.31330311298 0 1.30903431773 0 0.702360987663 0 0.62327131629 0 0.98702609539 0 0.674649246037 0 1.30850619078 0 0.623268306255 0 0 0
 0 1.3320517838 0 1.31330311298 0 1.30903431773 0 0.702360987663 0 0.98702609539 0 0.674649246037 0 1.30850619078 0 0.623268306255 0 0 0 0 0
