 -0.0967194288969 -0.0665576159954 -0.0486185252666 0.0105548501015 5.27203083038e-05 -0.00282576680183 0.0318055897951 -0.00226229429245 0.0038276463747 -0.0409098267555
 -0.0967194288969 -0.0665576159954 -0.0486185252666 0.0105548501015 5.27203083038e-05 -0.00282576680183 0.0318055897951 -0.00226229429245 0.0038276463747 -0.00347235798836
 -0.0967194288969 -0.0665576159954 -0.0486185252666 -0.00360716879368 5.27203083038e-05 -0.00282576680183 0.0318055897951 -0.00226229429245 0.0038276463747 -0.00347235798836
 -0.0967194288969 -0.0665576159954 -0.00261484086514 5.27203083038e-05 -0.00282576680183 0.0318055897951 -0.00226229429245 0.0038276463747 -0.00347235798836 0
 -0.0967194288969 -0.0665576159954 -0.00261484086514 5.27203083038e-05 -0.00282576680183 0.0318055897951 0.0460824668407 0.0038276463747 -0.00347235798836 0
 -0.0967194288969 -0.0665576159954 5.27203083038e-05 -0.00282576680183 0.0318055897951 0.0460824668407 0.0038276463747 -0.00347235798836 -0.0474007278681 0
 0.000107705593109 -0.0665576159954 5.27203083038e-05 -0.00282576680183 0.0318055897951 0.0460824668407 0.0038276463747 -0.00347235798836 -0.0474007278681 0
 0.000107705593109 -0.0665576159954 5.27203083038e-05 -0.00282576680183 0.0318055897951 0.0460824668407 0.0038276463747 -0.00347235798836 0 -0.118657961488
 0.000107705593109 -0.0665576159954 5.27203083038e-05 -0.00282576680183 0.0318055897951 0.0460824668407 0.0038276463747 -0.00347235798836 -0.0928289890289 -0.118657961488
 0.000107705593109 -0.0665576159954 5.27203083038e-05 -0.00282576680183 -0.0238188058138 0.0460824668407 0.0038276463747 -0.00347235798836 -0.0928289890289 0
 0.000107705593109 -0.0379210114479 5.27203083038e-05 -0.00282576680183 -0.0238188058138 0.0460824668407 0.0038276463747 -0.00347235798836 -0.0928289890289 0
 0.000107705593109 5.27203083038e-05 -0.00282576680183 -0.0238188058138 0.0460824668407 0.0038276463747 -0.00347235798836 -0.0928289890289 -0.0709464550018 0
 0.000107705593109 5.27203083038e-05 -0.0383030176163 -0.0238188058138 0.0460824668407 0.0038276463747 -0.00347235798836 -0.0928289890289 -0.0709464550018 0
 0.000107705593109 5.27203083038e-05 0.00173671543598 -0.0238188058138 0.0460824668407 0.0038276463747 -0.00347235798836 -0.0928289890289 0 0
 -0.000162929296494 5.27203083038e-05 0.00173671543598 -0.0238188058138 0.0460824668407 0.0038276463747 -0.00347235798836 -0.0928289890289 0 0
 5.27203083038e-05 0.00173671543598 -0.0238188058138 0.0460824668407 0.0038276463747 -0.00347235798836 -0.0928289890289 -0.0791702568531 0 0
 5.27203083038e-05 0.00173671543598 -0.0238188058138 -0.00952559709549 0.0038276463747 -0.00347235798836 -0.0928289890289 -0.0791702568531 0 0
 5.27203083038e-05 0.00173671543598 -0.0238188058138 -0.00952559709549 0.0038276463747 -0.00347235798836 -0.0109634250402 0 0 0
 5.27203083038e-05 0.00173671543598 -0.0238188058138 -0.00952559709549 0.0038276463747 -0.00347235798836 -0.0109634250402 0 0 -0.0114162862301
 5.27203083038e-05 0.00173671543598 -0.00875148177147 -0.00952559709549 0.0038276463747 -0.00347235798836 -0.0109634250402 0 0 0
 5.27203083038e-05 0.00173671543598 -0.00875148177147 -0.00952559709549 0.0038276463747 -0.00347235798836 -0.0109634250402 0 -0.0472048819065 0
 5.27203083038e-05 0.00173671543598 -0.00875148177147 -0.00952559709549 0.0038276463747 -0.00347235798836 -0.0109634250402 0 -0.0273106396198 0
 5.27203083038e-05 0.00173671543598 -0.00875148177147 -0.00952559709549 0.0339197963476 -0.00347235798836 -0.0109634250402 0 -0.0273106396198 0
 5.27203083038e-05 0.00173671543598 -0.00875148177147 -0.00952559709549 0.0339197963476 -0.00347235798836 -0.0109634250402 0 -0.0201539844275 0
 5.27203083038e-05 0.00173671543598 -0.00875148177147 -0.00952559709549 0.0339197963476 -0.040089070797 -0.0109634250402 0 -0.0201539844275 0
 5.27203083038e-05 0.00173671543598 -0.00875148177147 -0.00952559709549 0.0339197963476 -0.00679744780064 0 -0.0201539844275 0 0
 5.27203083038e-05 0.00173671543598 -0.00875148177147 -0.00952559709549 0.0339197963476 -0.00679744780064 0 0.00950416922569 0 0
 5.27203083038e-05 0.00173671543598 -0.00875148177147 -0.00952559709549 0.0339197963476 0 0.00950416922569 0.00250093638897 0 0
 -0.0464430898428 0.00173671543598 -0.00875148177147 -0.00952559709549 0.0339197963476 0 0.00950416922569 0.00250093638897 0 0
 -0.0515115261078 -0.00875148177147 -0.00952559709549 0.0339197963476 0 0.00950416922569 0.00250093638897 0 0 0
 -0.0515115261078 -0.00875148177147 -0.00952559709549 0.0339197963476 0 0.0330852121115 0.00250093638897 0 0 0
 0.0070828795433 -0.00952559709549 0.0339197963476 0 0.0330852121115 0.00250093638897 0 0 0 0
 0.0070828795433 -0.00952559709549 0.0339197963476 0 0.0245798528194 0.00250093638897 0 0 0 0
 -0.00952559709549 0.0339197963476 -0.0568573772907 0.0245798528194 0.00250093638897 0 0 0 0 0
 -0.00952559709549 0.0339197963476 -0.0568573772907 0.0245798528194 0.00250093638897 0 0.00150486826897 0 0 0
 -0.00952559709549 0.0339197963476 0.0245798528194 0.00250093638897 0 -0.0401397645473 0 0 0 0
 -0.00952559709549 0.0339197963476 0.0245798528194 0.00250093638897 0 -0.0401397645473 0.00504794716835 0 0 0
 -0.00952559709549 0.0339197963476 0.0245798528194 0.00250093638897 0 0.00504794716835 0 0 0 -0.0127876102924
 -0.00952559709549 0.0113544762135 0.0245798528194 0.00250093638897 0 0.00504794716835 0 0 0 -0.0127876102924
 -0.00952559709549 0.00215090811253 0.0245798528194 0.00250093638897 0 0.00504794716835 0 0 0 0
 -0.00952559709549 0.00215090811253 0.0245798528194 0.00250093638897 0 0.00504794716835 0 0 -0.0447148233652 0
 -0.00952559709549 0.00215090811253 0.0245798528194 0.00250093638897 0 0.00504794716835 0 0 0 -0.0750889629126
 -0.00952559709549 -0.0356515944004 0.0245798528194 0.00250093638897 0 0.00504794716835 0 0 0 -0.0750889629126
 -0.00952559709549 -0.0356515944004 0.0245798528194 0.00250093638897 0 0.00504794716835 0 -0.0478568077087 0 0
 -0.00952559709549 -0.0356515944004 0.0245798528194 0.00250093638897 0 0.00504794716835 -0.0405121147633 -0.0478568077087 0 0
 -0.00952559709549 -0.0356515944004 0.0245798528194 0.00250093638897 0 0.00504794716835 -0.0405121147633 0 0.0545388013124 0
 -0.00952559709549 -0.0356515944004 -0.0547087937593 0.00250093638897 0 0.00504794716835 -0.0405121147633 0 0.0545388013124 0
 -0.00952559709549 -0.0356515944004 0.00250093638897 -0.072575122118 0.00504794716835 -0.0405121147633 0 0.0545388013124 0 0
 -0.00952559709549 -0.0356515944004 0.00250093638897 -0.072575122118 0.00504794716835 -0.0405121147633 0 -0.00455638766289 0 0
 -0.00952559709549 -0.0462509095669 0.00250093638897 0.00504794716835 -0.0405121147633 0 -0.00455638766289 0 0 0
 -0.00952559709549 -0.0462509095669 0.00250093638897 0.00504794716835 -0.0405121147633 0 -0.0286616235971 0 0 0
 -0.00952559709549 0.00250093638897 0.00504794716835 -0.0405121147633 0 -0.0286616235971 0 0 -0.0376592576504 0
 -0.00952559709549 0.00250093638897 0.00504794716835 -0.0405121147633 0 -0.0286616235971 -0.074958100915 0 -0.0376592576504 0
 -0.00952559709549 0.0138000994921 0.00504794716835 -0.0405121147633 0 -0.0286616235971 0 -0.0376592576504 0 0
 -0.00952559709549 0.0138000994921 0.00504794716835 -0.0405121147633 0 -0.0465965420008 0 -0.0376592576504 0 0
 -0.00952559709549 0.0138000994921 0.00504794716835 -0.0405121147633 0 -0.00654862821102 -0.0376592576504 0 0 0
 5.03659248352e-06 0.0138000994921 0.00504794716835 -0.0405121147633 0 -0.00654862821102 -0.0376592576504 0 0 0
 5.03659248352e-06 0.0138000994921 0.00504794716835 -0.0405121147633 0 -0.0376592576504 0 -0.033791795373 0 0
 5.03659248352e-06 0.0326407849789 0.00504794716835 -0.0405121147633 0 -0.0376592576504 0 -0.033791795373 0 0
 5.03659248352e-06 0.0326407849789 0.00504794716835 -0.0405121147633 0 -0.0376592576504 0 0.0150527209044 0 0
 5.03659248352e-06 0.0326407849789 0.00504794716835 -0.0405121147633 0 -0.0376592576504 0 0.0150527209044 0 -0.00969454646111
 0.000758469104767 0.0326407849789 0.00504794716835 -0.0405121147633 0 -0.0376592576504 0 0.0150527209044 0 0
 0.000758469104767 0.0326407849789 0.00891564786434 -0.0405121147633 0 -0.0376592576504 0 0.0150527209044 0 0
 0.0326407849789 0.00891564786434 -0.0405121147633 0 0.032503053546 0 0.0150527209044 0 0 0
 0.0326407849789 0.00891564786434 -0.0405121147633 -0.0294245034456 0.032503053546 0 0.0150527209044 0 0 0
 0.0326407849789 0.00891564786434 -0.0405121147633 0.032503053546 0 0.0150527209044 0 0 0 -0.0315234214067
 0.0326407849789 0.00891564786434 -0.0817783027887 0.032503053546 0 0.0150527209044 0 0 0 -0.0315234214067
 0.0326407849789 0.00891564786434 0.032503053546 0 0.0150527209044 0 0 0 -0.0315234214067 -0.0581656843424
 0.0326407849789 0.00891564786434 0.032503053546 -0.074772387743 0.0150527209044 0 0 0 -0.0315234214067 -0.0581656843424
 0.0326407849789 0.00891564786434 0.00912797451019 0.0150527209044 0 0 0 -0.0315234214067 -0.0581656843424 0
 0.0326407849789 0.00891564786434 0.00912797451019 -0.0423798263073 0 0 0 -0.0315234214067 -0.0581656843424 0
 0.0326407849789 0.00891564786434 0.00912797451019 0 0 0 -0.0315234214067 -0.0119469761848 0 0
 0.0326407849789 0.00891564786434 0.00912797451019 0 0 0 -0.0376451611519 -0.0119469761848 0 0
 0.0326407849789 0.00891564786434 0.00912797451019 0 -0.077693939209 0 -0.0119469761848 0 0 0
 0.0326407849789 0.00891564786434 0.00912797451019 0 -0.077693939209 0.0595485568047 -0.0119469761848 0 0 0
 0.0326407849789 0.00891564786434 -0.14964170754 0 0.0595485568047 -0.0119469761848 0 0 0 0
 0.0326407849789 0.00891564786434 -0.14964170754 0 0.0595485568047 -0.0119469761848 0 -0.0124016106129 0 0
 0.0326407849789 0.00891564786434 0 0.0595485568047 -0.0119469761848 -0.0235716104507 -0.0124016106129 0 0 0
 0.0326407849789 0.00891564786434 0 0.0595485568047 -0.0119469761848 -0.0235716104507 -0.0124016106129 -0.0239441841841 0 0
 0.0326407849789 0.00891564786434 0 0.0595485568047 -0.0119469761848 -0.0235716104507 -0.0305007994175 0 0 0
 0.0326407849789 0.00891564786434 0 0.0595485568047 -0.0119469761848 -0.0235716104507 -0.0305007994175 0 -0.0249291062355 0
 0.0326407849789 0.00891564786434 0 0.0595485568047 -0.0119469761848 -0.0235716104507 0 -0.0249291062355 -0.0118333846331 0
 -0.0193759948015 0.00891564786434 0 0.0595485568047 -0.0119469761848 -0.0235716104507 0 -0.0249291062355 -0.0118333846331 0
 0.00891564786434 0 0.0595485568047 -0.0119469761848 -0.0398997813463 0 -0.0249291062355 -0.0118333846331 0 0
 0.00891564786434 0 0.0595485568047 -0.0119469761848 -0.0398997813463 0 -0.0249291062355 -0.0156697183847 0 0
 0.00891564786434 0 0.0595485568047 -0.0159601867199 0 -0.0249291062355 -0.0156697183847 0 0 0
 0.00891564786434 0 0.0595485568047 -0.0159601867199 0 -0.0249291062355 -0.0156697183847 0 0 -0.0258540660143
 -0.00624750554562 0 0.0595485568047 -0.0159601867199 0 -0.0249291062355 -0.0156697183847 0 0 0
 -0.00624750554562 0 0.00251665711403 -0.0159601867199 0 -0.0249291062355 -0.0156697183847 0 0 0
 0 0.00251665711403 -0.0159601867199 0 -0.0249291062355 -0.0156697183847 0.00661358237267 0 0 0
 0 -0.030923217535 -0.0159601867199 0 -0.0249291062355 -0.0156697183847 0.00661358237267 0 0 0
 0 -0.0159601867199 0 -0.00799837708473 -0.0156697183847 0.00661358237267 0 0 0 0
 0 -0.0159601867199 0 -0.00799837708473 -0.0156697183847 0.00661358237267 0 0 -0.0200196802616 0
 0 -0.0159601867199 0 -0.00799837708473 -0.0443953275681 0.00661358237267 0 0 0 0
 0 -0.0159601867199 0 -0.00799837708473 -0.0443953275681 0.00661358237267 0 0 0 -0.0945934504271
 -0.0149413347244 -0.0159601867199 0 -0.00799837708473 -0.0443953275681 0.00661358237267 0 0 0 0
 -0.0149413347244 -0.0159601867199 0 -0.00799837708473 -0.0443953275681 0.00661358237267 0 0 -0.0374674052 0
 -0.0149413347244 -0.0159601867199 -0.122127771378 -0.00799837708473 -0.0443953275681 0.00661358237267 0 0 0 0
 -0.0149413347244 -0.0159601867199 -0.122127771378 -0.00799837708473 -0.0443953275681 0.00661358237267 0 -0.25870655477 0 0
 -0.0149413347244 -0.0159601867199 -0.122127771378 -0.00799837708473 -0.0381337106228 0.00661358237267 0 0 0 0
 -0.0149413347244 -0.0740349590778 -0.122127771378 -0.00799837708473 -0.0381337106228 0.00661358237267 0 0 0 0
 -0.0149413347244 -0.122127771378 -0.00799837708473 -0.0381337106228 0.00661358237267 0 0 0 0 -0.0836785137653
 -0.0250652581453 -0.122127771378 -0.00799837708473 -0.0381337106228 0.00661358237267 0 0 0 0 -0.0836785137653
 -0.0250652581453 -0.122127771378 -0.03607198596 -0.0381337106228 0.00661358237267 0 0 0 0 0
 -0.0250652581453 -0.122127771378 -0.03607198596 -0.0381337106228 0.00661358237267 0 0 0 0 -0.0226382017136
 0.0345297306776 -0.122127771378 -0.0381337106228 0.00661358237267 0 0 0 0 -0.0226382017136 0
 0.0345297306776 -0.122127771378 -0.0381337106228 0.00661358237267 0 0 0.0294197797775 0 -0.0226382017136 0
 0.0345297306776 -0.122127771378 -0.0512645542622 0.00661358237267 0 0 0 -0.0226382017136 0 0
 0.0345297306776 -0.0247314870358 -0.0512645542622 0.00661358237267 0 0 0 -0.0226382017136 0 0
 0.0345297306776 -0.0247314870358 0.00661358237267 0 0 0 -0.0226382017136 -0.167369216681 0 0
 0.0345297306776 0.0335059762001 0.00661358237267 0 0 0 -0.0226382017136 -0.167369216681 0 0
 0.0345297306776 0.0335059762001 0.00661358237267 0 0 0 -0.0226382017136 0 -0.171467751265 0
 0.0345297306776 -0.204796493053 0.00661358237267 0 0 0 -0.0226382017136 0 -0.171467751265 0
 0.0345297306776 0.00661358237267 0 0 0 -0.0226382017136 0 -0.171467751265 -0.268845200539 0
 0.0345297306776 0.00661358237267 -0.213580086827 0 0 -0.0226382017136 0 -0.171467751265 -0.268845200539 0
 0.0345297306776 0.00661358237267 -0.0937084853649 0 0 -0.0226382017136 0 -0.171467751265 0 0
 0.0345297306776 0.00661358237267 -0.0937084853649 0 0 -0.0226382017136 -0.0173917114735 -0.171467751265 0 0
 0.0345297306776 0.00661358237267 0 0 -0.0226382017136 -0.0173917114735 -0.00472265481949 0 0 0
 0.0345297306776 0.00661358237267 0 0 -0.214062005281 -0.0173917114735 -0.00472265481949 0 0 0
 0.0345297306776 0.00661358237267 -0.0960463285446 0 -0.0173917114735 -0.00472265481949 0 0 0 0
 0.0345297306776 0.00661358237267 -0.0960463285446 0 -0.0173917114735 -0.00472265481949 0 -0.0880089998245 0 0
 0.0345297306776 -0.100240275264 0 -0.0173917114735 -0.00472265481949 0 -0.0880089998245 0 0 0
 -0.0892585813999 -0.100240275264 0 -0.0173917114735 -0.00472265481949 0 -0.0880089998245 0 0 0
 -0.0892585813999 0 -1.57952308655e-06 -0.00472265481949 0 -0.0880089998245 0 0 0 0
 -0.0892585813999 0 -1.57952308655e-06 0.0343986153603 0 -0.0880089998245 0 0 0 0
 -0.0892585813999 0 0.0343986153603 0 -0.0880089998245 0 0 -0.232717975974 0 0
 -0.0892585813999 0 0.0343986153603 0 -0.0880089998245 0 0 -0.232717975974 -0.0788777768612 0
 -0.0892585813999 0 0.0343986153603 0 -0.00655794143677 0 0 -0.0788777768612 0 0
 -0.0892585813999 0 0.0343986153603 0 -0.00655794143677 0 0 -0.0828886628151 0 0
 -0.0892585813999 0 0.0343986153603 0 -0.00655794143677 0 0 0 -0.041298314929 0
 -0.0892585813999 0 0.0343986153603 0 -0.00655794143677 0 0 0 -0.041298314929 0.000604391098022
 -0.0892585813999 0 0.0343986153603 0 -0.00655794143677 0 0 -0.0765066444874 0.000604391098022 0
 -0.0892585813999 0 0.0343986153603 -0.162466868758 -0.00655794143677 0 0 -0.0765066444874 0.000604391098022 0
 -0.0892585813999 0 0.0343986153603 -0.00655794143677 0 0 -0.238718256354 0.000604391098022 0 0
 -0.0892585813999 0 0.0343986153603 -0.00655794143677 -0.189018815756 0 -0.238718256354 0.000604391098022 0 0
 -0.0892585813999 0 0.0343986153603 -0.00655794143677 -4.70876693726e-06 0 0.000604391098022 0 0 0
 -0.0892585813999 0 0.0343986153603 -0.00655794143677 -4.70876693726e-06 0 -3.42726707458e-07 0 0 0
 -0.0892585813999 0 0.0343986153603 -0.0742563605309 0 -3.42726707458e-07 0 0 0 0
 -0.0892585813999 0 0.0343986153603 -0.0742563605309 0 -3.42726707458e-07 0 0 -0.0799017548561 0
 -0.0892585813999 0 -0.0210263282061 -0.0742563605309 0 -3.42726707458e-07 0 0 0 0
 -0.0892585813999 0 -0.0210263282061 -0.0742563605309 -0.14362411201 -3.42726707458e-07 0 0 0 0
 -0.0892585813999 0 -0.0210263282061 -0.0742563605309 -3.42726707458e-07 0 0 0 -0.152933910489 0
 -0.0892585813999 -0.0698062628508 -0.0210263282061 -0.0742563605309 -3.42726707458e-07 0 0 0 -0.152933910489 0
 -0.0892585813999 -0.0698062628508 -0.0210263282061 -0.0742563605309 -3.42726707458e-07 0 0 0 0 -0.24494600296
 -0.0892585813999 -0.0698062628508 -0.0210263282061 -0.0742563605309 -3.42726707458e-07 0 -0.240461990237 0 0 -0.24494600296
 -0.0892585813999 -0.0698062628508 -0.0210263282061 -0.166360318661 -3.42726707458e-07 0 -0.240461990237 0 0 0
 -0.0892585813999 -0.0698062628508 -0.0210263282061 -0.166360318661 -3.42726707458e-07 -0.0709889233112 -0.240461990237 0 0 0
 -0.179308861494 -0.0698062628508 -0.0210263282061 -3.42726707458e-07 -0.0709889233112 -0.240461990237 0 0 0 0
 -0.179308861494 -0.0698062628508 -0.0210263282061 -3.42726707458e-07 -0.0709889233112 -0.240461990237 -0.00922535359859 0 0 0
 -0.0698062628508 -0.0210263282061 -0.0990541726351 -0.0709889233112 -0.240461990237 -0.00922535359859 0 0 0 0
 -0.0698062628508 -0.0210263282061 -0.0990541726351 -0.0709889233112 -0.240461990237 -0.00922535359859 0 0 -0.069192558527 0
 -0.0698062628508 -0.0210263282061 -0.0709889233112 -0.240461990237 -0.353985473514 0 0 -0.069192558527 0 0
 -0.0698062628508 -0.0210263282061 -0.0709889233112 -0.240461990237 -0.353985473514 0 0.0230111777782 -0.069192558527 0 0
 -0.0698062628508 -0.0210263282061 -0.0709889233112 -0.240461990237 0 0.0230111777782 -0.069192558527 -0.18373644352 0 0
 -0.0556870102882 -0.0210263282061 -0.0709889233112 -0.240461990237 0 0.0230111777782 -0.069192558527 -0.18373644352 0 0
 -0.0556870102882 -0.179339677095 -0.0709889233112 -0.240461990237 0 0.0230111777782 -0.069192558527 0 0 0
 -0.0556870102882 -0.179339677095 -0.0709889233112 -0.240461990237 0 0.0230111777782 -0.069192558527 0 0 -0.162345051765
 -0.249862521887 -0.0709889233112 -0.240461990237 0 0.0230111777782 -0.069192558527 0 0 -0.162345051765 0
 -0.249862521887 -0.0709889233112 -0.203624412417 0 0.0230111777782 -0.069192558527 0 0 -0.162345051765 0
 -0.0709889233112 -0.203624412417 0 0.0230111777782 -0.069192558527 0 0 -0.162345051765 -0.200929790735 0
 -0.0709889233112 -0.203624412417 0 0.0230111777782 -0.069192558527 0 0 -0.162345051765 -0.200929790735 -0.197256490588
 -0.0709889233112 -0.203624412417 0 0.0230111777782 -0.069192558527 0 0 -0.171201348305 -0.197256490588 0
 -0.263631522655 -0.203624412417 0 0.0230111777782 -0.069192558527 0 0 -0.171201348305 -0.197256490588 0
 -0.203624412417 -0.091553658247 0.0230111777782 -0.069192558527 0 0 -0.171201348305 -0.197256490588 0 0
 -0.203624412417 -0.091553658247 0.0230111777782 -0.069192558527 0 0 -0.171201348305 -0.197256490588 0 -0.179390221834
 -0.203624412417 -0.091553658247 0.0230111777782 -0.069192558527 -0.158152401447 0 -0.171201348305 -0.197256490588 0 0
 -0.203624412417 -0.091553658247 0.0230111777782 -0.069192558527 -0.158152401447 0 -0.171201348305 -0.197256490588 -0.294716209173 0
 -0.203624412417 -0.091553658247 0.0230111777782 -0.069192558527 -0.158152401447 0 -0.171201348305 -0.275495171547 0 0
 -0.203624412417 -0.091553658247 0.0230111777782 -0.069192558527 -0.158152401447 0 -0.171201348305 -0.275495171547 0 -0.170245617628
 -0.203624412417 -0.091553658247 0.0230111777782 -0.069192558527 -0.158152401447 0 -0.171201348305 -0.216620951891 -0.170245617628 0
 -0.203624412417 -0.091553658247 0.0230111777782 -0.069192558527 -0.158152401447 0 -0.171201348305 -0.216620951891 -0.170245617628 -0.238139823079
 -0.203624412417 -0.091553658247 0.0230111777782 -0.069192558527 -0.158152401447 0 -0.171201348305 -0.0209952443838 -0.170245617628 0
 -0.203624412417 -0.091553658247 0.0230111777782 -0.101965457201 -0.158152401447 0 -0.171201348305 -0.0209952443838 -0.170245617628 0
 -0.203624412417 -0.091553658247 0.0230111777782 -0.158152401447 0 -0.171201348305 -0.0209952443838 -0.170245617628 -0.188931882381 0
 -0.203624412417 -0.091553658247 0.0230111777782 -0.158152401447 -0.113352179527 -0.171201348305 -0.0209952443838 -0.170245617628 -0.188931882381 0
 -0.203624412417 -0.091553658247 -0.0842421352863 -0.158152401447 -0.113352179527 -0.171201348305 -0.0209952443838 -0.170245617628 0 0
 -0.203624412417 -0.091553658247 -0.0842421352863 -0.158152401447 -0.113352179527 -0.17294383049 -0.0209952443838 -0.170245617628 0 0
 -0.203624412417 -0.091553658247 -0.0842421352863 -0.158152401447 -0.113352179527 -0.121626645327 -0.170245617628 0 0 0
 -0.203624412417 -0.091553658247 -0.0842421352863 -0.158152401447 -0.113352179527 -0.121626645327 -0.169737502933 0 0 0
 -0.203624412417 -0.091553658247 -0.0842421352863 -0.158152401447 -0.170323967934 -0.121626645327 0 0 0 0
 -0.203624412417 -0.091553658247 -0.0842421352863 -0.158152401447 -0.170323967934 -0.121626645327 0 0 -0.0903337448835 0
 -0.203624412417 -0.0985116064548 -0.0842421352863 -0.158152401447 -0.121626645327 0 0 -0.0903337448835 0 0
 -0.203624412417 -0.0985116064548 -0.0842421352863 -0.158152401447 -0.121626645327 -0.103365540504 0 -0.0903337448835 0 0
 -0.203624412417 -0.0985116064548 -0.0842421352863 -0.158152401447 -0.121626645327 0 -0.0903337448835 0 0 -0.112334981561
 -0.203624412417 -0.0985116064548 -0.0842421352863 -0.158152401447 -0.121626645327 0 -0.086966574192 0 0 -0.112334981561
 -0.203624412417 -0.0985116064548 -0.0842421352863 -0.158152401447 -0.121626645327 -0.179632633924 -0.086966574192 0 0 0
 -0.203624412417 -0.0985116064548 -0.0842421352863 -0.0542123019695 -0.121626645327 -0.179632633924 -0.086966574192 0 0 0
 -0.203624412417 -0.216480493546 -0.0842421352863 -0.0542123019695 -0.121626645327 -0.086966574192 0 0 0 0
 -0.203624412417 -0.216480493546 -0.0842421352863 -0.0542123019695 -0.050409078598 -0.086966574192 0 0 0 0
 -0.203624412417 -0.0842421352863 -0.0871510803699 -0.050409078598 -0.086966574192 0 0 0 0 0
 -0.203624412417 -0.0842421352863 -0.0871510803699 -0.050409078598 -0.086966574192 0 -0.212353050709 0 0 0
 -0.203624412417 -0.0842421352863 -0.0871510803699 -0.050409078598 -0.086966574192 0 0 0 0 -0.175184845924
 -0.203624412417 -0.0842421352863 -0.0871510803699 -0.050409078598 -0.086966574192 -0.211014151573 0 0 0 -0.175184845924
 -0.203624412417 -0.0842421352863 -0.0871510803699 -0.050409078598 -0.086966574192 0 0 0 -0.175184845924 -0.242706269026
 -0.203624412417 -0.0842421352863 -0.0871510803699 -0.207204073668 -0.086966574192 0 0 0 -0.175184845924 -0.242706269026
 -0.203624412417 -0.0842421352863 -0.0871510803699 -0.207204073668 -0.036764383316 0 0 0 -0.175184845924 0
 -0.203624412417 -0.0842421352863 -0.0928621888161 -0.207204073668 -0.036764383316 0 0 0 -0.175184845924 0
 -0.203624412417 -0.341126590967 -0.207204073668 -0.036764383316 0 0 0 -0.175184845924 0 0
 -0.203624412417 -0.341126590967 -0.207204073668 -0.036764383316 0 0 0 -0.170030385256 0 0
 -0.203624412417 -0.207204073668 -0.346859648824 0 0 0 -0.170030385256 0 0 0
 -0.203624412417 -0.160544216633 -0.346859648824 0 0 0 -0.170030385256 0 0 0
 -0.203624412417 -0.160544216633 0 0 -0.356015384197 -0.170030385256 0 0 0 0
 -0.203624412417 -0.160544216633 0 0 -0.356015384197 -0.170030385256 -0.0959173291922 0 0 0
 -0.203624412417 -0.160544216633 0 0 -0.170030385256 -0.0959173291922 -0.143782317638 0 0 0
 -0.203624412417 -0.0755400061607 0 0 -0.170030385256 -0.0959173291922 -0.143782317638 0 0 0
 -0.203624412417 -0.0755400061607 0 0 -0.231259360909 -0.0959173291922 0 0 0 0
 -0.340264827013 -0.0755400061607 0 0 -0.231259360909 -0.0959173291922 0 0 0 0
 -0.0755400061607 0 -0.359039604664 -0.231259360909 -0.0959173291922 0 0 0 0 0
 -0.0755400061607 0 -0.359039604664 -0.231259360909 -0.0959173291922 0 0 -0.340431779623 0 0
 -0.0755400061607 0 -0.231259360909 -0.0959173291922 0 0 -0.340431779623 0 -0.131882965565 0
 -0.0755400061607 0 -0.231259360909 -0.0959173291922 0 -0.369991987944 -0.340431779623 0 -0.131882965565 0
 -0.0755400061607 0 -0.231259360909 -0.0959173291922 0 -0.371898919344 0 -0.131882965565 0 0
 -0.0755400061607 0 -0.231259360909 -0.0959173291922 0 -0.371898919344 0 -0.123813673854 0 0
 -0.0755400061607 0 -0.231259360909 -0.0959173291922 0 0 -0.123813673854 0 0 -0.196504801512
 -0.0755400061607 0 -0.231259360909 -0.10340154171 0 0 -0.123813673854 0 0 -0.196504801512
 -0.0755400061607 0 -0.231259360909 -0.10340154171 0 0 -0.123813673854 0 -0.272059679031 0
 -0.0755400061607 0 -0.231259360909 -0.10340154171 0 -0.338117301464 -0.123813673854 0 -0.272059679031 0
 -0.0755400061607 0 -0.231259360909 -0.10340154171 0 -0.123813673854 0 -0.272059679031 0 -0.387299358845
 -0.0755400061607 0 -0.231259360909 -0.373921796679 0 -0.123813673854 0 -0.272059679031 0 -0.387299358845
 -0.0755400061607 0 -0.231259360909 -0.373921796679 0 -0.123813673854 -0.28431725502 -0.272059679031 0 0
 -0.0755400061607 0 -0.231259360909 -0.373921796679 0 -0.123813673854 -0.28431725502 -0.272059679031 0.004893258214 0
 -0.0755400061607 0 -0.231259360909 -0.373921796679 0 -0.123813673854 -0.30335521698 0.004893258214 0 0
 -0.0755400061607 -0.369999647141 -0.231259360909 -0.373921796679 0 -0.123813673854 -0.30335521698 0.004893258214 0 0
 -0.0755400061607 -0.231259360909 -0.373921796679 -0.387066453695 -0.123813673854 -0.30335521698 0.004893258214 0 0 0
 -0.0755400061607 -0.231259360909 -0.373921796679 -0.387066453695 -0.123813673854 -0.30335521698 -0.0595858544111 0 0 0
 -0.0755400061607 -0.231259360909 -0.373921796679 -0.123813673854 -0.30335521698 -0.0595858544111 0 -0.296473443508 0 0
 -0.0755400061607 -0.231259360909 -0.373921796679 -0.123813673854 -0.30335521698 -0.0595858544111 -0.289070248604 -0.296473443508 0 0
 -0.0755400061607 -0.231259360909 -0.373921796679 -0.123813673854 -0.30335521698 -0.0595858544111 -0.312679409981 0 0 0
 -0.0755400061607 -0.231259360909 -0.373921796679 -0.123813673854 -0.30335521698 -0.0595858544111 -0.312679409981 -0.305814728141 0 0
 -0.0755400061607 -0.231259360909 -0.373921796679 -0.123813673854 -0.30335521698 -0.353012010455 -0.305814728141 0 0 0
 -0.0755400061607 -0.231259360909 -0.373921796679 -0.287614107132 -0.30335521698 -0.353012010455 -0.305814728141 0 0 0
 -0.0755400061607 -0.231259360909 -0.407142475247 -0.287614107132 -0.30335521698 -0.305814728141 0 0 0 0
 -0.0755400061607 -0.231259360909 -0.407142475247 -0.287614107132 -0.30335521698 -0.305814728141 0 -0.14959564805 0 0
 -0.0755400061607 -0.231259360909 -0.287614107132 -0.30335521698 -0.305814728141 0 -0.14959564805 0 0 -0.317754775286
 -0.0755400061607 -0.231259360909 0.0111063271761 -0.30335521698 -0.305814728141 0 -0.14959564805 0 0 -0.317754775286
 -0.0755400061607 -0.231259360909 0.0111063271761 -0.30335521698 -0.305814728141 0 -0.14959564805 -0.28950189054 0 0
 -0.0755400061607 -0.231259360909 0.0111063271761 -0.273159235716 -0.305814728141 0 -0.14959564805 -0.28950189054 0 0
 -0.0755400061607 -0.231259360909 0.0111063271761 -0.273159235716 -0.305814728141 0 -0.14959564805 0 -0.303437292576 0
 -0.297465592623 -0.231259360909 0.0111063271761 -0.273159235716 -0.305814728141 0 -0.14959564805 0 -0.303437292576 0
 -0.262386083603 -0.231259360909 0.0111063271761 -0.273159235716 -0.305814728141 0 -0.14959564805 0 0 0
 -0.262386083603 -0.231259360909 0.0111063271761 -0.273159235716 -0.305814728141 0 -0.14959564805 -0.252143770456 0 0
 -0.231259360909 0.0111063271761 -0.273159235716 -0.305814728141 0 -0.14959564805 -0.252143770456 0 -0.260530203581 0
 -0.231259360909 0.0111063271761 -0.273159235716 -0.305814728141 0 -0.14959564805 -0.252143770456 0 -0.260530203581 -0.261718437076
 -0.231259360909 0.0111063271761 -0.273159235716 -0.305814728141 0 -0.14959564805 -0.252143770456 0 -0.122951358557 0
 -0.231259360909 0.0111063271761 -0.273159235716 -0.0439998209476 0 -0.14959564805 -0.252143770456 0 -0.122951358557 0
 -0.231259360909 -0.105594694614 -0.273159235716 -0.0439998209476 0 -0.14959564805 -0.252143770456 0 0 0
 -0.231259360909 -0.105594694614 -0.273159235716 -0.0439998209476 -0.0579097270966 -0.14959564805 -0.252143770456 0 0 0
 -0.231259360909 0.168924629688 -0.0439998209476 -0.0579097270966 -0.14959564805 -0.252143770456 0 0 0 0
 -0.231259360909 0.168924629688 -0.0439998209476 -0.0478951334953 -0.14959564805 -0.252143770456 0 0 0 0
 -0.231259360909 0.168924629688 -0.0439998209476 -0.14959564805 -0.0232388228178 0 0 0 0 0
 -0.231259360909 0.168924629688 -0.0439998209476 -0.14959564805 -0.0232388228178 0 0 -1.28149986267e-06 0 0
 -0.231259360909 0.168924629688 -0.0439998209476 -0.14959564805 0 0 -1.9371509552e-07 0 0 0
 -0.231259360909 0.168924629688 -0.0439998209476 -0.14959564805 0 0 -1.9371509552e-07 -1.19209289551e-07 0 0
 -0.231259360909 0.0 -0.0439998209476 -0.14959564805 0 0 -1.19209289551e-07 0 0 0
 0.0 0.0 -0.0439998209476 -0.14959564805 0 0 -1.19209289551e-07 0 0 0
 0.0 -0.0439998209476 -0.14959564805 0 0 -1.19209289551e-07 0 0.0 0 0
 0.0 -0.0439998209476 -0.14959564805 0 0 -1.19209289551e-07 0.0 0.0 0 0
 0.0 -0.0439998209476 -0.14959564805 0 0 0.0 0.0 0 0 0
 0.0 -0.0439998209476 0.0 0 0 0.0 0.0 0 0 0
 0.0 -0.0439998209476 0 -0.119235187769 0.0 0.0 0 0 0 0
 0.0 -0.0439998209476 0 -0.119235187769 0.0 0.0 0 -0.189965695143 0 0
 0.0 -0.0439998209476 0 -0.119235187769 0.0 0.0 0 0 -0.16088539362 0
 0.0 -0.0439998209476 -0.187280476093 -0.119235187769 0.0 0.0 0 0 -0.16088539362 0
 0.0 -0.0439998209476 -0.119235187769 0.0 0.0 0 0 -0.16088539362 -0.192112833261 0
 0.0 -0.0439998209476 -0.119235187769 0.0 0.0 0 0 -0.16088539362 -0.192112833261 -0.17227512598
 0.0 -0.0439998209476 -0.119235187769 0.0 0.0 -0.189142107964 0 -0.16088539362 -0.17227512598 0
 0.0 -0.0439998209476 -0.119235187769 0.0 0.0 -0.189142107964 -0.170354306698 -0.16088539362 -0.17227512598 0
 0.0 -0.193090945482 -0.119235187769 0.0 0.0 -0.170354306698 -0.16088539362 -0.17227512598 0 0
 0.0 -0.193090945482 -0.119235187769 0.0 0.0 -0.170354306698 -3.1590461731e-06 -0.17227512598 0 0
 0.0 -2.68220901489e-07 0.0 0.0 -0.170354306698 -3.1590461731e-06 -0.17227512598 0 0 0
 0.0 -2.68220901489e-07 0.0 0.0 -0.170354306698 -3.1590461731e-06 -0.17227512598 0 -8.94069671631e-08 0
 0.0 0.0 0.0 -0.170354306698 -3.1590461731e-06 -2.98023223877e-08 0 -8.94069671631e-08 0 0
 0.0 0.0 0.0 0.0 -3.1590461731e-06 -2.98023223877e-08 0 -8.94069671631e-08 0 0
 0.0 0.0 0.0 0.0 -3.1590461731e-06 0 -8.94069671631e-08 0 0.0 0
 0.0 0.0 0.0 0.0 0.0 0 -8.94069671631e-08 0 0.0 0
 0.0 0.0 0.0 0.0 0 0.183863610029 0 0.0 0 0
 0.0 0.0 0.0 0.0 0 0.183863610029 -0.22915116325 0.0 0 0
 0.0 -0.432534739375 0.0 0.0 0 0.183863610029 0.0 0 0 0
 0.0 -0.432534739375 0.0 0.0 0 0.0210240483284 0.0 0 0 0
 0.0 0.318069845438 0.0 0 0.0210240483284 0.0 0 0 0 0
 0.0 0.318069845438 0.0 0 0.0210240483284 0.0 -0.0799914300442 0 0 0
 0.0 0.318069845438 0.0 0 0.0210240483284 0.0 0 0 -0.376821383834 0
 0.0 0.211284004152 0.0 0 0.0210240483284 0.0 0 0 -0.376821383834 0
 -0.0944691300392 0.211284004152 0.0 0 0.0210240483284 0.0 0 0 0 0
 -0.0944691300392 0.211284004152 0.0 0 0.0210240483284 0.0 0 0 0 -0.405922859907
 -0.0944691300392 0.211284004152 0.0 0 0.0210240483284 0.0 0 0 0 -0.212229907513
 -0.0944691300392 0.211284004152 0.0 0 0.0210240483284 0.0 -0.401910007 0 0 -0.212229907513
 -0.0944691300392 0.211284004152 0.0 0.186755657196 0.0210240483284 0.0 0 0 -0.212229907513 0
 -0.0944691300392 0.211284004152 0.0 0.186755657196 0.0210240483284 -0.202607408166 0 0 -0.212229907513 0
 -0.0944691300392 0.211284004152 0.0 0.186755657196 0.0210240483284 -0.0346775949001 0 -0.212229907513 0 0
 -0.0944691300392 0.211284004152 0.0 0.186755657196 0.0210240483284 -0.0346775949001 0 -0.212229907513 0 -0.216828972101
 -0.0944691300392 0.211284004152 0.0 0.186755657196 0.0210240483284 -0.0346775949001 0 -0.212229907513 0 0.161159574986
 -0.0944691300392 0.211284004152 0.0 -0.0406050682068 0.0210240483284 -0.0346775949001 0 -0.212229907513 0 0.161159574986
 -0.0944691300392 0.211284004152 0.0 0.0210240483284 -0.0346775949001 0 -0.212229907513 -0.114498138428 0.161159574986 0
 -0.0944691300392 0.211284004152 0.0 0.0210240483284 -0.0346775949001 0.431732058525 -0.212229907513 -0.114498138428 0.161159574986 0
 -0.0944691300392 0.211284004152 0.0 0.0210240483284 -0.0346775949001 0.431732058525 0.218804121017 0.161159574986 0 0
 -0.0944691300392 0.211284004152 0.0 0.0210240483284 0.0617883205414 0.431732058525 0.218804121017 0.161159574986 0 0
 -0.0944691300392 0.211284004152 0.0 0.0210240483284 0.431732058525 0.218804121017 0.161159574986 0.446234166622 0 0
 -0.0944691300392 0.211284004152 0.0 0.0210240483284 0.431732058525 0.104510545731 0.161159574986 0.446234166622 0 0
 -0.0944691300392 0.211284004152 0.0 0.0210240483284 0.431732058525 0.161159574986 0.446234166622 0 0.13269174099 0
 -0.0944691300392 0.211284004152 0.0 0.0210240483284 0.431732058525 0.161159574986 0.446234166622 -0.223126322031 0.13269174099 0
 -0.0944691300392 0.211284004152 0.0 0.0210240483284 0.431732058525 0.161159574986 0.420671284199 0.13269174099 0 0
 -0.0944691300392 0.211284004152 0.0 0.0648057460785 0.431732058525 0.161159574986 0.420671284199 0.13269174099 0 0
 -0.0471785068512 0.211284004152 0.0 0.431732058525 0.161159574986 0.420671284199 0.13269174099 0 0 0
 -0.0471785068512 0.211284004152 0.0 0.431732058525 0.161159574986 0.0359154939651 0.13269174099 0 0 0
 0.211284004152 -0.225350022316 0.431732058525 0.161159574986 0.0359154939651 0.13269174099 0 0 0 0
 0.211284004152 -0.225350022316 0.431732058525 -0.173339188099 0.0359154939651 0.13269174099 0 0 0 0
 0.211284004152 0.431732058525 -0.173339188099 0.0359154939651 0.13269174099 0 0 -0.147442758083 0 0
 -0.197611093521 0.431732058525 -0.173339188099 0.0359154939651 0.13269174099 0 0 -0.147442758083 0 0
 0.431732058525 -0.173339188099 0.0359154939651 0.13269174099 -0.053542137146 0 -0.147442758083 0 0 0
 0.431732058525 -0.173339188099 -0.0797402262688 0.13269174099 -0.053542137146 0 -0.147442758083 0 0 0
 0.431732058525 -0.173339188099 0.13269174099 -0.150532782078 0 -0.147442758083 0 0 0 0
 0.431732058525 -0.173339188099 -0.38530549407 -0.150532782078 0 -0.147442758083 0 0 0 0
 0.431732058525 -0.173339188099 -0.150532782078 0 -0.147442758083 0 0 0 -0.167890012264 0
 0.431732058525 -0.173339188099 -0.150532782078 0 -0.147442758083 0 0 0 -0.167890012264 -0.190577805042
 0.431732058525 -0.173339188099 -0.150532782078 0 0.0567232072353 0 0 0 -0.167890012264 0
 0.431732058525 -0.173339188099 -0.0106638073921 0 0.0567232072353 0 0 0 -0.167890012264 0
 0.431732058525 -0.173339188099 0 0.0567232072353 0 0 -0.214170873165 -0.167890012264 0 0
 0.431732058525 -0.173339188099 0 0.0567232072353 0 0 -0.214170873165 0.346533805132 0 0
 0.431732058525 -0.173339188099 0 0.0567232072353 0 0 0.346533805132 0 -0.181989729404 0
 -0.121941000223 -0.173339188099 0 0.0567232072353 0 0 0.346533805132 0 -0.181989729404 0
 -0.121941000223 -0.173339188099 0 0.0567232072353 0 0 0.346533805132 0 0 0.0787725448608
 -0.121941000223 -0.173339188099 0 0.0567232072353 0 0 0.346533805132 -0.327805995941 0 0.0787725448608
 -0.121941000223 -0.173339188099 0 0.0904790461063 0 0 0.346533805132 0 0.0787725448608 0
 -0.121941000223 -0.173339188099 -0.428016066551 0.0904790461063 0 0 0.346533805132 0 0.0787725448608 0
 -0.121941000223 -0.173339188099 0.0904790461063 0 0 0.346533805132 0 0.0787725448608 0.0657917261124 0
 -0.121941000223 -0.173339188099 0.0904790461063 0 0 0.346533805132 0 0.278673350811 0.0657917261124 0
 -0.121941000223 -0.173339188099 0.278968095779 0 0 0.346533805132 0 0.278673350811 0 0
 -0.121941000223 -0.173339188099 0.278968095779 0 0 0.346533805132 0 0.278673350811 0 -0.0587358474731
 -0.121941000223 -0.173339188099 0.278968095779 0 0.172967195511 0.346533805132 0 0.278673350811 0 0
 -0.121941000223 -0.173339188099 0.278968095779 0 0.172967195511 0.346533805132 0 0.278673350811 0 -0.0415386557579
 0.182790130377 -0.173339188099 0.278968095779 0 0.172967195511 0.346533805132 0 0.278673350811 0 0
 0.182790130377 -0.173339188099 0.278968095779 0.236754953861 0.172967195511 0.346533805132 0 0.278673350811 0 0
 -0.0743996798992 0.278968095779 0.236754953861 0.172967195511 0.346533805132 0 0.278673350811 0 0 0
 -0.0743996798992 -9.83476638794e-07 0.236754953861 0.172967195511 0.346533805132 0 0.278673350811 0 0 0
 -9.83476638794e-07 0.236754953861 0.172967195511 -1.9371509552e-07 0 0.278673350811 0 0 0 0
 -9.83476638794e-07 0.236754953861 0.172967195511 -1.9371509552e-07 0 0.278673350811 0 -5.96046447754e-08 0 0
 -9.83476638794e-07 0.236754953861 0.0 0 0.278673350811 0 -5.96046447754e-08 0 0 0
 -9.83476638794e-07 0.236754953861 0.0 0.0 0.278673350811 0 -5.96046447754e-08 0 0 0
 -9.83476638794e-07 0.236754953861 0.0 0.278673350811 0 -5.96046447754e-08 0.0 0 0 0
 -9.83476638794e-07 0.236754953861 0.0 0.278673350811 0 -5.96046447754e-08 0.0 0 0 0
 -9.83476638794e-07 0.236754953861 0.278673350811 0 -5.96046447754e-08 0.0 0 0.098475664854 0 0
 -9.83476638794e-07 0.131768524647 0.278673350811 0 -5.96046447754e-08 0.0 0 0.098475664854 0 0
 -9.83476638794e-07 0.131768524647 0.0835570991039 0 -5.96046447754e-08 0.0 0 0 0 0
 -9.83476638794e-07 0.131768524647 0.0835570991039 0 -5.96046447754e-08 0.0 0 0 0.10744535923 0
 -9.83476638794e-07 0.131768524647 0 -5.96046447754e-08 0.0997623503208 0 0 0.10744535923 0 0
 -9.83476638794e-07 0.131768524647 0 0.0856477618217 0.0997623503208 0 0 0.10744535923 0 0
 0.273381114006 0.131768524647 0 0.0997623503208 0 0 0.10744535923 0 0 0
 0.273381114006 0.131768524647 0 0.0997623503208 0 0 0.10744535923 -0.15247541666 0 0
 0.273381114006 0.131768524647 0 0.0997623503208 0 0 0.302660286427 0 0 0
 0.273381114006 0.131768524647 0.158303320408 0.0997623503208 0 0 0.302660286427 0 0 0
 0.290196120739 0.131768524647 0.0997623503208 0 0 0.302660286427 0 0 0 0
 0.290196120739 0.131768524647 0.273394942284 0 0 0.302660286427 0 0 0 0
