 1.13263177872 1.17718340456 1.62485128641 0.300870537758 -0.705260258168 0.77949218452 2.94758653641 -1.88668507338 1.42334938049 0.595439434052 1.1045691967 1.14502191544 1.73436498642 0.1931132311 1.39753901958 -9.53674316406e-07 0.0795042440295 2.53053581715 -0.227516174316 0.460988640785
 1.13263177872 1.17718340456 1.62485128641 0.300870537758 -0.705260258168 0.77949218452 2.91979300976 -1.88668507338 1.42334938049 0.595439434052 1.1045691967 1.14502191544 1.73436498642 0.1931132311 1.39753901958 -9.53674316406e-07 0.0795042440295 2.53053581715 -0.227516174316 0.460988640785
 1.13263177872 1.17718340456 1.62485128641 0.300870537758 -0.705260258168 -0.0973620712757 2.91979300976 -1.88668507338 1.42334938049 0.595439434052 1.1045691967 1.14502191544 1.73436498642 0.1931132311 1.39753901958 -9.53674316406e-07 0.0795042440295 2.53053581715 -0.227516174316 0.460988640785
 1.13263177872 1.17718340456 1.62485128641 -1.19209289551e-06 -0.705260258168 2.91979300976 -1.88668507338 1.42334938049 0.595439434052 1.1045691967 1.14502191544 1.73436498642 0.1931132311 1.39753901958 -9.53674316406e-07 0.0795042440295 2.53053581715 -0.227516174316 0.460988640785 0
 1.13263177872 1.17718340456 1.62485128641 -1.19209289551e-06 -0.705260258168 2.91979300976 -1.88668507338 1.42334938049 0.595439434052 1.1045691967 1.14502191544 1.73436498642 0.1931132311 1.39753901958 -9.53674316406e-07 0.0795042440295 2.53053581715 -0.227516174316 0.460988640785 3.43262732029
 1.13263177872 1.17718340456 1.62485128641 -0.705260258168 2.91979300976 -0.124521136284 1.42334938049 0.595439434052 1.1045691967 1.14502191544 1.73436498642 0.1931132311 1.39753901958 -9.53674316406e-07 0.0795042440295 2.53053581715 -0.227516174316 0.460988640785 3.43262732029 0
 1.13263177872 1.17718340456 1.62485128641 -0.705260258168 2.91979300976 -0.124521136284 1.42334938049 0.595439434052 1.1045691967 1.14502191544 1.73436498642 0.1931132311 1.39753901958 -9.53674316406e-07 0.0795042440295 2.53053581715 -0.152811050415 0.460988640785 3.43262732029 0
 1.13263177872 1.17718340456 1.62485128641 -0.705260258168 2.91979300976 -0.124521136284 1.42334938049 0.595439434052 1.1045691967 1.14502191544 1.39550733566 0.1931132311 1.39753901958 -9.53674316406e-07 0.0795042440295 2.53053581715 0.460988640785 3.43262732029 0 0
 1.13263177872 1.17718340456 1.62485128641 -0.705260258168 2.91979300976 -0.124521136284 1.42334938049 0.595439434052 1.1045691967 1.14502191544 1.39550733566 0.1931132311 1.39753901958 3.57627868652e-07 0.0795042440295 2.53053581715 0.460988640785 3.43262732029 0 0
 1.13263177872 1.17718340456 1.62485128641 -0.705260258168 2.91979300976 -0.124521136284 1.42334938049 0.595439434052 1.1045691967 1.14502191544 1.19505047798 0.1931132311 1.39753901958 0.0795042440295 2.53053581715 0.460988640785 3.43262732029 0 0 0
 1.13263177872 1.17718340456 1.62485128641 -0.705260258168 2.91979300976 -0.124521136284 1.42334938049 0.595439434052 1.1045691967 1.14502191544 1.19505047798 0.1931132311 1.39753901958 -0.2718193084 2.53053581715 0.460988640785 3.43262732029 0 0 0
 1.13263177872 1.17718340456 1.62485128641 -0.705260258168 2.91979300976 -0.124521136284 1.22134649754 0.595439434052 1.1045691967 1.14502191544 1.19505047798 0.1931132311 1.39753901958 2.53053581715 0.460988640785 3.43262732029 0 0 0 0
 1.13263177872 1.17718340456 1.62485128641 -0.705260258168 2.91979300976 -0.124521136284 1.22134649754 0.595439434052 1.1045691967 1.14502191544 1.19505047798 0.1931132311 1.39753901958 2.51775074005 0.460988640785 3.43262732029 0 0 0 0
 1.13263177872 1.17718340456 1.62485128641 -0.705260258168 2.91979300976 -0.124521136284 0.595439434052 1.38687944412 1.14502191544 1.19505047798 0.1931132311 1.39753901958 2.51775074005 0.460988640785 3.43262732029 0 0 0 0 0
 1.13263177872 1.17718340456 1.62399041653 -0.705260258168 2.91979300976 -0.124521136284 0.595439434052 1.38687944412 1.14502191544 1.19505047798 0.1931132311 1.39753901958 2.51775074005 0.460988640785 3.43262732029 0 0 0 0 0
 1.13263177872 1.17718340456 1.62399041653 -0.705260258168 2.91979300976 0.157296776772 0.595439434052 1.14502191544 1.19505047798 0.1931132311 1.39753901958 2.51775074005 0.460988640785 3.43262732029 0 0 0 0 0 0
 1.13263177872 1.17718340456 1.62399041653 -0.705260258168 2.91979300976 0.157296776772 0.595439434052 1.14502191544 1.19505047798 0.1931132311 1.39753901958 2.51775074005 0.460988640785 3.43262732029 0 0 0 0.137856006622 0 0
 1.13263177872 1.17718340456 1.62399041653 -0.705260258168 2.91979300976 0.157296776772 0.595439434052 1.14502191544 1.19505047798 0.1931132311 1.85170400143 2.51775074005 0.460988640785 3.43262732029 0 0 0 0 0 0
 1.13263177872 1.17718340456 1.62399041653 -0.705260258168 2.91979300976 0.157296776772 0.595439434052 1.14502191544 1.19505047798 0.147035793867 1.85170400143 2.51775074005 0.460988640785 3.43262732029 0 0 0 0 0 0
 1.13263177872 0.97636988759 1.62399041653 -0.705260258168 2.91979300976 0.157296776772 0.595439434052 1.14502191544 1.19505047798 1.85170400143 2.51775074005 0.460988640785 3.43262732029 0 0 0 0 0 0 0
 1.13263177872 0.97636988759 1.62399041653 -0.705260258168 2.91979300976 0.157296776772 0.595439434052 1.14502191544 1.19505047798 1.85152232647 2.51775074005 0.460988640785 3.43262732029 0 0 0 0 0 0 0
 1.13263177872 1.62399041653 -0.705260258168 2.91979300976 0.157296776772 0.595439434052 1.14502191544 1.19505047798 1.85152232647 2.51775074005 0.460988640785 3.43262732029 0 0 1.97245311737 0 0 0 0 0
 1.13263177872 1.62399041653 -0.705260258168 2.91979300976 0.157296776772 0.595439434052 1.14502191544 1.19505047798 1.85152232647 2.51775074005 0.665285587311 3.43262732029 0 0 1.97245311737 0 0 0 0 0
 1.13263177872 1.62399041653 -0.705260258168 2.91979300976 0.157296776772 0.595439434052 1.14502191544 1.19505047798 1.85152232647 2.51775074005 3.43262732029 0 0 1.97245311737 0 1.57305401564 0 0 0 0
 1.13263177872 1.62399041653 -0.705260258168 2.90790998936 0.157296776772 0.595439434052 1.14502191544 1.19505047798 1.85152232647 2.51775074005 3.43262732029 0 0 1.97245311737 0 1.57305401564 0 0 0 0
 1.13263177872 1.62399041653 -0.705260258168 2.90790998936 0.157296776772 0.595439434052 -0.389423727989 1.19505047798 1.85152232647 2.51775074005 3.43262732029 0 0 1.97245311737 0 0 0 0 0 0
 1.13263177872 1.62399041653 -0.705260258168 2.90790998936 0.157296776772 0.595439434052 -0.389423727989 1.19505047798 1.85152232647 2.51775074005 3.43262732029 0 0 1.97245311737 0 1.01286637783 0 0 0 0
 1.13263177872 1.62399041653 -0.705260258168 2.90790998936 -0.441077470779 0.595439434052 1.19505047798 1.85152232647 2.51775074005 3.43262732029 0 0 1.97245311737 0 1.01286637783 0 0 0 0 0
 1.13263177872 1.62399041653 -0.705260258168 2.90790998936 -0.441077470779 0.595439434052 1.19505047798 1.85152232647 2.51775074005 3.43262732029 3.13475942612 0 1.97245311737 0 1.01286637783 0 0 0 0 0
 1.13263177872 1.62399041653 -0.705260258168 2.90790998936 0.595439434052 1.19505047798 1.85152232647 2.51775074005 3.43241429329 3.13475942612 0 1.97245311737 0 1.01286637783 0 0 0 0 0 0
 1.13263177872 1.62399041653 -0.705260258168 2.90790998936 0.595439434052 1.19505047798 1.85152232647 2.51775074005 3.43241429329 3.13475942612 0 1.97245311737 0 1.01286637783 1.06898355484 0 0 0 0 0
 1.13263177872 1.62399041653 -0.705260258168 2.90790998936 0.595439434052 1.19505047798 1.85152232647 2.51775074005 3.43241429329 3.13475942612 0 1.97245311737 0 1.01286637783 0 0 0 0 0 0.0
 1.13263177872 1.62399041653 -0.705260258168 2.90790998936 0.595439434052 1.19505047798 1.85152232647 2.51775074005 3.43241429329 3.13475942612 -0.822188735008 1.97245311737 0 1.01286637783 0 0 0 0 0 0.0
 1.13263177872 1.62399041653 -0.705260258168 2.90790998936 0.595439434052 1.19505047798 1.85152232647 2.51775074005 3.43241429329 0.0 1.97245311737 0 1.01286637783 0 0 0 0 0 0.0 0
 1.13263177872 1.62399041653 -0.705260258168 2.90790998936 0.595439434052 1.19505047798 1.85152232647 2.51775074005 3.43241429329 0.0 1.97245311737 0 1.01286637783 0 1.96118354797 0 0 0 0.0 0
 1.13263177872 1.62399041653 -0.705260258168 2.90790998936 0.595439434052 1.19505047798 1.85152232647 2.51775074005 3.43241429329 1.97245311737 0.0976679325104 1.01286637783 0 1.96118354797 0 0 0 0.0 0 0
 1.13263177872 1.62399041653 -0.705260258168 2.90790998936 0.595439434052 1.19505047798 1.85152232647 2.51775074005 3.43241429329 0.888096809387 0.0976679325104 1.01286637783 0 1.96118354797 0 0 0 0.0 0 0
 1.13263177872 1.62476563454 -0.705260258168 2.90790998936 0.595439434052 1.19505047798 1.85152232647 2.51775074005 3.43241429329 0.888096809387 1.01286637783 0 1.96118354797 0 0 0 0.0 0 0 0
 1.13263177872 1.62476563454 -0.705260258168 2.90790998936 0.595439434052 0.974405288696 1.85152232647 2.51775074005 3.43241429329 0.888096809387 1.01286637783 0 1.96118354797 0 0 0 0.0 0 0 0
 1.13263177872 1.62476563454 -0.705260258168 2.90790998936 0.595439434052 1.85152232647 2.51775074005 3.43241429329 0.888096809387 1.01286637783 0 1.96118354797 0 0 0 0.0 3.3641242981 0 0 0
 1.13263177872 1.62476563454 -0.705260258168 2.38418579102e-06 0.595439434052 1.85152232647 2.51775074005 3.43241429329 0.888096809387 1.01286637783 0 1.96118354797 0 0 0 0.0 3.3641242981 0 0 0
 1.13263177872 1.62476563454 -0.705260258168 0.595439434052 1.85152232647 2.51775074005 3.43241429329 0.888096809387 1.01286637783 0 1.96118354797 0 0 0 0.0 3.3641242981 0 2.20266723633 0 0
 1.13263177872 1.62476563454 -0.774530179799 0.595439434052 1.85152232647 2.51775074005 3.43241429329 0.888096809387 1.01286637783 0 1.96118354797 0 0 0 0.0 3.3641242981 0 2.20266723633 0 0
 1.13263177872 1.62476563454 0.595439434052 1.85152232647 2.51775074005 3.43241429329 0.888096809387 1.01286637783 0 1.96118354797 0 0 0 0.0 3.3641242981 0 2.20266723633 0 2.84590494633 0
 1.13263177872 1.62476563454 0.595439434052 1.85152232647 2.51775074005 3.43241429329 0.888096809387 1.01286637783 0 1.89721775055 0 0 0 0.0 3.3641242981 0 2.20266723633 0 2.84590494633 0
 1.13263177872 1.62476563454 0.0 1.85152232647 2.51775074005 3.43241429329 0.888096809387 1.01286637783 0 0 0 0 0.0 3.3641242981 0 2.20266723633 0 2.84590494633 0 0
 1.13263177872 1.62476563454 0.0 1.85152232647 2.51775074005 3.43241429329 0.623448371887 1.01286637783 0 0 0 0 0.0 3.3641242981 0 2.20266723633 0 2.84590494633 0 0
 1.13263177872 1.62476563454 1.85152232647 2.51775074005 3.43241429329 0.623448371887 1.01286637783 0 0 0 0 0.0 3.3641242981 0.984456062317 2.20266723633 0 2.84590494633 0 0 0
 1.13263177872 1.62476563454 1.85152232647 2.50823032856 3.43241429329 0.623448371887 1.01286637783 0 0 0 0 0.0 3.3641242981 0.984456062317 2.20266723633 0 2.84590494633 0 0 0
 1.13263177872 1.62476563454 1.85152232647 2.50823032856 3.43241429329 0.623448371887 1.06681932509 0 0 0 0 0.0 3.3641242981 2.20266723633 0 2.84590494633 0 0 0 0
 1.13263177872 1.62476563454 1.85152232647 2.50823032856 3.43241429329 0.623448371887 1.06681932509 0 0 0 0 0.0 3.3641242981 2.20266723633 0 2.84590494633 0 0 1.73198413849 0
 1.6851041913 1.62476563454 1.85152232647 2.50823032856 3.43241429329 0.623448371887 0 0 0 0 0.0 3.3641242981 2.20266723633 0 2.84590494633 0 0 1.73198413849 0 0
 1.6851041913 1.62476563454 1.89998698235 2.50823032856 3.43241429329 0.623448371887 0 0 0 0 0.0 3.3641242981 2.20266723633 0 2.84590494633 0 0 1.73198413849 0 0
 1.68322378397 1.89998698235 2.50823032856 3.43241429329 0.623448371887 0 0 0 0 0.0 3.3641242981 2.20266723633 0 2.84590494633 0 0 1.73198413849 0 0 0
 1.68322378397 1.89998698235 2.50823032856 3.43241429329 0.623448371887 0 0 0 0 0.0 3.3641242981 2.20266723633 0 2.84590494633 0 1.53575742245 1.73198413849 0 0 0
 1.68322378397 1.89998698235 2.50823032856 3.43241429329 0.623448371887 0 0 0 0 0.0 3.3641242981 2.20266723633 0 2.84590494633 0 1.34987831116 0 0 0 0
 1.68322378397 1.89998698235 2.50823032856 0.0 0.623448371887 0 0 0 0 0.0 3.3641242981 2.20266723633 0 2.84590494633 0 1.34987831116 0 0 0 0
 1.68322378397 1.89998698235 2.50823032856 0.623448371887 0 0 0 0 0.0 3.36412572861 2.20266723633 0 2.84590494633 0 1.34987831116 0 0 0 0 0
 1.68322378397 1.89998698235 2.50823032856 0.623448371887 0 0 0.114411592484 0 0.0 3.36412572861 2.20266723633 0 2.84590494633 0 1.34987831116 0 0 0 0 0
 1.68322378397 3.00779946148 2.50823032856 0.623448371887 0 0 0 0.0 3.36412572861 2.20266723633 0 2.84590494633 0 1.34987831116 0 0 0 0 0 0
 1.68413680792 3.00779946148 2.50823032856 0.623448371887 0 0 0 0.0 3.36412572861 2.20266723633 0 2.84590494633 0 1.34987831116 0 0 0 0 0 0
 3.00779946148 2.50823032856 0.623448371887 0 0 0 0.0 3.36412572861 2.20266723633 0 2.84590494633 0 1.34987831116 0 0 0 0 0 0 1.60915105045
 3.00779946148 2.50823032856 0.623448371887 0 0 0 0.0 3.36412572861 2.20266723633 0 2.84590494633 0 1.34987831116 0.000821828842163 0 0 0 0 0 1.60915105045
 3.00779946148 2.50823032856 0.623448371887 0 0 0 0.0 3.36412572861 2.20266723633 0 2.84590494633 0.524461269379 1.34987831116 0 0 0 0 0 1.60915105045 0
 3.00779946148 2.50823032856 0.623448371887 0 0 0 0.0 3.36412572861 2.20266723633 0 2.84590494633 0.524461269379 1.34987831116 1.48104000092 0 0 0 0 1.60915105045 0
 3.00779946148 2.50823032856 0.623448371887 0 0 0 0.0 3.36412572861 1.07576131821 0 2.84590494633 1.34987831116 1.48104000092 0 0 0 0 1.60915105045 0 0
 3.00779946148 2.50823032856 0.623448371887 0 0 0 0.0 3.36412572861 1.07576131821 0 2.84590494633 1.34987831116 1.39253520966 0 0 0 0 1.60915105045 0 0
 3.00779946148 2.50823032856 0.623448371887 0 0 0 0.0 3.36412572861 0 2.84590494633 1.34987831116 1.39253520966 0 0 0.970422267914 0 1.60915105045 0 0 0
 3.00779946148 2.50823032856 0.623448371887 0 0 0 0.0 3.36412572861 0 2.84590494633 1.34987831116 1.39253520966 0.448674082756 0 0.970422267914 0 1.60915105045 0 0 0
 3.00779946148 2.50823032856 0.623448371887 0 0 0 0.0 3.36412572861 0 2.84590494633 1.34987831116 1.39253520966 0 0.970422267914 0 1.60915105045 0 0 0 0
 3.00779946148 2.50823032856 2.14922523499 0 0 0 0.0 3.36412572861 0 2.84590494633 1.34987831116 1.39253520966 0 0.970422267914 0 1.60915105045 0 0 0 0
 3.00779946148 2.50823032856 2.14922523499 0 0 0 3.36412572861 0 2.84590494633 1.34987831116 1.39253520966 0 0.970422267914 0 1.60915105045 0 0 0 0 0.869832038879
 3.00779946148 2.50823032856 2.14922523499 0 0 0 3.36412572861 0 2.84590494633 1.29914188385 1.39253520966 0 0.970422267914 0 1.60915105045 0 0 0 0 0.869832038879
 3.00779946148 2.50823032856 2.14922523499 0 0 0 3.36412572861 0 2.81359732151 1.29914188385 1.39253520966 0 0.970422267914 0 1.60915105045 0 0 0 0 0
 3.00779946148 2.50823032856 2.14922523499 0 0 0 3.36412572861 0 2.81359732151 1.29914188385 1.39253520966 0 0.970422267914 0 1.60915105045 0 0 0 0 2.14531683922
 3.00779946148 2.50823032856 2.14922523499 1.10021090508 0 0 3.36412572861 0 2.81359732151 1.29914188385 1.39253520966 0 0.970422267914 0 1.60915105045 0 0 0 0 0
 3.00779946148 2.50823032856 2.14922523499 1.10021090508 0 0 3.3640062809 0 2.81359732151 1.29914188385 1.39253520966 0 0.970422267914 0 1.60915105045 0 0 0 0 0
 3.00779946148 2.50823032856 2.14922523499 1.46456241608 0 3.3640062809 0 2.81359732151 1.29914188385 1.39253520966 0 0.970422267914 0 1.60915105045 0 0 0 0 0 0
 3.00779946148 2.50823032856 2.14922523499 1.46456241608 0 3.3640062809 0 2.81359732151 1.29914188385 1.39253520966 0 0.970422267914 0 1.60915105045 0 0 0 0.470571994781 0 0
 3.00779946148 2.50823032856 2.14922523499 1.46456241608 0 3.3640062809 0 2.81359732151 1.29914188385 1.39253520966 0 0.236626148224 0 1.60915105045 0 0 0 0 0 0
 3.00779946148 2.50823032856 2.14922523499 1.46456241608 0 3.3640062809 0 2.81359732151 1.29914188385 1.39253520966 0 0.236626148224 0 1.60915105045 0 0 0 0 0 0.55980014801
 3.00779946148 2.50823032856 2.14922523499 1.46456241608 0 3.3640062809 0 2.81359732151 1.29914188385 1.39253520966 0 0 1.60915105045 0 0 0 0.0491337776184 0 0.55980014801 0
 3.00779946148 2.50823032856 2.14922523499 1.66893005371e-06 0 3.3640062809 0 2.81359732151 1.29914188385 1.39253520966 0 0 1.60915105045 0 0 0 0.0491337776184 0 0.55980014801 0
 2.99151799083 2.50823032856 2.14922523499 0 3.3640062809 0 2.81359732151 1.29914188385 1.39253520966 0 0 1.60915105045 0 0 0 0.0491337776184 0 0.55980014801 0 0
 2.99151799083 2.50823032856 2.14922523499 0 3.3640062809 0 2.81359732151 1.29914188385 0.191068172455 0 0 1.60915105045 0 0 0 0.0491337776184 0 0.55980014801 0 0
 2.99151799083 0.210020780563 2.14922523499 0 3.3640062809 0 2.81359732151 1.29914188385 0 0 1.60915105045 0 0 0 0.0491337776184 0 0.55980014801 0 0 0
 2.99151799083 0.210020780563 2.14922523499 0 3.3640062809 0 2.81359732151 1.29914188385 0 0 1.60915105045 0 0.794508457184 0 0.0491337776184 0 0.55980014801 0 0 0
 2.99151799083 2.14922523499 0 3.3640062809 0 2.81359732151 1.29914188385 0 0 1.60915105045 0 0.794508457184 0 0.0491337776184 0.0888891220093 0.55980014801 0 0 0 0
 3.01453910768 2.14922523499 0 3.3640062809 0 2.81359732151 1.29914188385 0 0 1.60915105045 0 0.794508457184 0 0.0491337776184 0.0888891220093 0.55980014801 0 0 0 0
 3.01453910768 2.14922523499 0 3.3640062809 0 2.81359732151 1.29914188385 0 0 1.60915105045 0 0.794508457184 0 0.0491337776184 0.55980014801 0 0 1.24457204342 0 0
 3.01453910768 2.14922523499 0 3.3640062809 0 2.81359732151 1.47080993652 0 0 1.60915105045 0 0.794508457184 0 0.0491337776184 0.55980014801 0 0 1.24457204342 0 0
 3.01453910768 2.14922523499 -3.57627868652e-06 3.3640062809 0 2.81359732151 1.47080993652 0 0 1.60915105045 0 0.794508457184 0 0.0491337776184 0.55980014801 0 0 0 0 0
 3.01453910768 2.14922523499 -3.57627868652e-06 3.3640062809 0 2.81359732151 1.47080993652 0 0 1.60915105045 0 0.794508457184 0 0.0491337776184 1.903860569 0 0 0 0 0
 3.01453910768 2.14922523499 3.3640062809 0 2.81359732151 1.47080993652 0 0 1.60915105045 0 0.794508457184 0 0.0491337776184 1.903860569 0 0 0 0 0.844296455383 0
 3.01453910768 2.14922523499 3.3640062809 0 2.81359732151 1.47080993652 0 0 1.60915105045 0 0.794508457184 0 2.77848029137 1.903860569 0 0 0 0 0.844296455383 0
 3.01465468109 2.14922523499 3.3640062809 0 2.81359732151 1.47080993652 0 0 1.60915105045 0 0.794508457184 0 2.77848029137 1.903860569 0 0 0 0 0 0
 3.01465468109 2.14922523499 3.3640062809 0 2.81359732151 1.47080993652 0 0 1.60915105045 0 0.794508457184 0 2.77848029137 1.903860569 0 0 0 0 0 1.72043025494
 3.01465468109 2.14922523499 3.3640062809 0 2.81359732151 1.27213811874 0 0 1.60915105045 0 0.794508457184 0 2.77848029137 1.903860569 0 0 0 0 0 0
 3.01465468109 2.14922523499 3.3640062809 0 2.81359732151 1.27213811874 0 0 1.60915105045 0 0.794508457184 0 2.77848029137 1.903860569 0 0 0 1.89225791395 0 0
 3.01465468109 2.14922523499 3.3640062809 0 2.53217577934 0 0 1.60915105045 0 0.794508457184 0 2.77848029137 1.903860569 0 0 0 1.89225791395 0 0 0
 3.01465468109 2.14922523499 3.3640062809 0 2.53217577934 0 0 1.60915105045 0 0.794508457184 0.0305700302124 2.77848029137 1.903860569 0 0 0 1.89225791395 0 0 0
 3.01465468109 2.14922523499 3.3640062809 0 2.53217577934 0 0 1.60915105045 0 0.794508457184 2.77848029137 1.903860569 0 0 0 1.89225791395 0.507316112518 0 0 0
 3.01465468109 2.14922523499 3.3640062809 0 2.84473419189 0 0 1.60915105045 0 0.794508457184 2.77848029137 1.903860569 0 0 0 1.89225791395 0.507316112518 0 0 0
 3.01465468109 2.14922523499 3.3640062809 0 2.52567481995 0 0 1.60915105045 0 0.794508457184 2.77848029137 1.903860569 0 0 0 1.89225791395 0 0 0 0
 3.01465468109 2.14922523499 3.3640062809 0 2.52567481995 0 0 1.60915105045 0 0.794508457184 2.77848029137 1.903860569 0 0 0 1.89225791395 0 0 0 2.64446914196
 3.01465468109 2.14922523499 3.3640062809 0 0 0 1.60915105045 0 0.594666719437 2.77848029137 1.903860569 0 0 0 1.89225791395 0 0 0 2.64446914196 0
 3.01465468109 2.14922523499 3.3640062809 0.218949317932 0 0 1.60915105045 0 0.594666719437 2.77848029137 1.903860569 0 0 0 1.89225791395 0 0 0 2.64446914196 0
 3.01465468109 2.14922523499 0.0491299629211 0 0 1.60915105045 0 0.594666719437 2.77848029137 1.903860569 0 0 0 1.89225791395 0 0 0 2.64446914196 0 0
 3.01465468109 2.14922523499 0.0491299629211 0 0 1.60915105045 0 0.594666719437 2.77848029137 1.903860569 0 0 0 1.89846096933 0 0 0 2.64446914196 0 0
 3.01465468109 2.14922523499 0 0 1.60915105045 0 0.667870044708 2.77848029137 1.903860569 0 0 0 1.89846096933 0 0 0 2.64446914196 0 0 0
 3.01465468109 2.14922523499 0 0 1.60915105045 0 0.667870044708 2.77848029137 1.903860569 0 0 0 1.89846096933 0 1.82190667093 0 2.64446914196 0 0 0
 3.01465468109 2.14922523499 0 0 1.60915105045 0 2.77848029137 1.903860569 0 2.5236620903 0 1.89846096933 0 1.82190667093 0 2.64446914196 0 0 0 0
 3.01465468109 2.14922523499 0 0 1.60915105045 2.0844514817 2.77848029137 1.903860569 0 2.5236620903 0 1.89846096933 0 1.82190667093 0 2.64446914196 0 0 0 0
 3.01465468109 2.25347852707 0 0 1.60915105045 2.77848029137 1.903860569 0 2.5236620903 0 1.89846096933 0 1.82190667093 0 2.64446914196 0 0 0 0 0
 3.01465468109 2.25347852707 0 0 1.60915105045 2.77848029137 1.903860569 0 2.5236620903 0 1.89846096933 0 1.82190667093 0 2.64446914196 0 0.223448038101 0 0 0
 3.01465468109 2.25347852707 0 0 1.60915105045 2.77848029137 1.903860569 -1.9985268116 2.5236620903 0 1.89846096933 0 1.82190667093 0 2.64446914196 0 0 0 0 0
 3.01465468109 2.25347852707 0 -0.630035400391 1.60915105045 2.77848029137 1.903860569 -1.9985268116 2.5236620903 0 1.89846096933 0 1.82190667093 0 2.64446914196 0 0 0 0 0
 3.01465468109 2.25347852707 0 -0.630035400391 1.60915105045 2.77848029137 1.903860569 2.5236620903 0 1.89846096933 0 1.82190667093 0 2.64446794987 0 0 0 0 0 0
 3.01465468109 2.25347852707 0 -0.630035400391 1.60915105045 2.77848029137 1.903860569 0.20418214798 0 1.89846096933 0 1.82190667093 0 2.64446794987 0 0 0 0 0 0
 3.01465468109 2.25347852707 0 -0.630035400391 1.60915105045 2.77848029137 1.903860569 0 1.89846096933 0 1.8437936157 0 2.64446794987 0 0 0 0 0 0 0
 3.01465468109 2.25347852707 0 -0.630035400391 1.60915105045 2.77848029137 1.903860569 0.0328171253204 1.89846096933 0 1.8437936157 0 2.64446794987 0 0 0 0 0 0 0
 3.01465468109 2.25347852707 0 -0.630035400391 1.60915105045 2.77848029137 1.903860569 1.89846096933 0 1.8437936157 2.30967199802 2.64446794987 0 0 0 0 0 0 0 0
 3.01465468109 2.25347852707 0 3.51995515823 1.60915105045 2.77848029137 1.903860569 1.89846096933 0 1.8437936157 2.30967199802 2.64446794987 0 0 0 0 0 0 0 0
 3.01465468109 2.25347852707 0 3.51995515823 2.07964174449 2.77848029137 1.903860569 1.89846096933 0 1.8437936157 2.64446794987 0 0 0 0 0 0 0 0 0
 3.01465468109 2.25347852707 0 3.51995515823 2.07964174449 2.77848029137 1.903860569 1.89846096933 0 1.8437936157 -0.159169197083 0 0 0 0 0 0 0 0 0
 3.01465468109 2.25347852707 0 3.51995515823 2.07964174449 2.77848029137 1.903860569 1.89846096933 0 1.8437936157 0 0 0 0 0 0 0 0.542127490044 0 0
 2.06915825605 2.25347852707 0 3.51995515823 2.07964174449 2.77848029137 1.903860569 1.89846096933 0 1.8437936157 0 0 0 0 0 0 0 0.542127490044 0 0
 2.06915825605 2.25347852707 0 3.51995515823 1.73584572971 2.77848029137 1.903860569 1.89846096933 0 1.8437936157 0 0 0 0 0 0 0 0 0 0
 2.06915825605 2.25347852707 0 3.51995515823 1.73584572971 2.77848029137 1.903860569 1.89846096933 0 1.8437936157 0 0 1.01289141178 0 0 0 0 0 0 0
 2.06915825605 2.25347852707 0 3.51995515823 1.73584572971 2.77848029137 1.903860569 1.89846096933 0 1.8437936157 0 0 0 0 0 2.00336563587 0 0 0 0
 2.06915825605 2.25347852707 0 3.51995515823 1.73584572971 2.77848029137 1.903860569 1.89846096933 0 1.8437936157 0 1.39197349548 0 0 0 2.00336563587 0 0 0 0
 2.06915825605 2.25347852707 0 3.51995515823 1.73584572971 2.77848029137 1.903860569 1.89846096933 0 1.8437936157 0 1.88450932503 0 0 2.00336563587 0 0 0 0 0
 2.06915825605 2.25347852707 0 3.51995515823 2.07959680259 2.77848029137 1.903860569 1.89846096933 0 1.8437936157 0 1.88450932503 0 0 2.00336563587 0 0 0 0 0
 2.06915825605 2.25347852707 2.45573747158 3.51995515823 2.07959680259 2.77848029137 1.903860569 1.89846096933 0 1.8437936157 0 0 0 2.00336563587 0 0 0 0 0 0
 2.06915825605 2.25347852707 2.45573747158 3.51995515823 2.07959680259 2.77980363369 1.903860569 1.89846096933 0 1.8437936157 0 0 0 2.00336563587 0 0 0 0 0 0
 2.06915825605 2.25347852707 3.51995515823 2.07959680259 2.77980363369 1.903860569 1.89846096933 0 1.8437936157 0 0 2.52451050282 2.00336563587 0 0 0 0 0 0 0
 2.06915825605 2.25347852707 3.51995515823 2.07959680259 2.77980363369 1.903860569 1.89846096933 0 1.8437936157 2.86102294922e-06 0 2.52451050282 2.00336563587 0 0 0 0 0 0 0
 2.06915825605 2.25347852707 3.51995515823 2.07860402763 2.77980363369 1.903860569 1.89846096933 0 1.8437936157 0 2.52451050282 2.00336563587 0 0 0 0 0 0 0 0
 2.06915825605 2.25347852707 3.51995515823 2.07860402763 2.77980363369 1.903860569 1.89846096933 0 1.8437936157 0 2.52451050282 2.00336563587 0 0 0 0 0 0 0 0.745077848434
 2.06915825605 2.25347852707 3.51995515823 2.07860402763 2.77980363369 1.903860569 1.89846096933 0 1.8437936157 0 2.52447366714 2.00336563587 0 0 0 0 0 0 0 0
 2.06915825605 2.25347852707 3.51995515823 1.93990251422 2.77980363369 1.903860569 1.89846096933 0 1.8437936157 0 2.52447366714 2.00336563587 0 0 0 0 0 0 0 0
 2.06915825605 2.25347852707 3.51995515823 2.77980363369 1.903860569 1.89846096933 0 1.8437936157 0 2.52447366714 2.00336563587 0 0 0 -0.698707222939 0 0 0 0 0
 2.06915825605 2.25347852707 3.51995515823 2.77980363369 1.903860569 1.89839352667 0 1.8437936157 0 2.52447366714 2.00336563587 0 0 0 -0.698707222939 0 0 0 0 0
 2.06915825605 2.25347852707 3.51995515823 2.77980363369 1.903860569 1.89839352667 0 1.8437936157 0 2.52447366714 2.00336563587 0 0 0 0 0 2.07684731483 0 0 0
 2.06915825605 2.25347852707 3.51995515823 2.77980363369 1.903860569 1.89839352667 0 1.8437936157 0 2.52447366714 2.00336563587 -0.0307409763336 0 0 0 0 2.07684731483 0 0 0
 2.06915825605 2.25347852707 3.51995515823 2.77980363369 0.574125289917 1.89839352667 0 1.8437936157 0 2.52447366714 2.00336563587 0 0 0 0 2.07684731483 0 0 0 0
 2.06915825605 2.25347852707 3.51995515823 2.77980363369 0.574125289917 1.86412133276 0 1.8437936157 0 2.52447366714 2.00336563587 0 0 0 0 2.07684731483 0 0 0 0
 2.06915825605 2.25347852707 -0.515532016754 2.77980363369 1.86412133276 0 1.8437936157 0 2.52447366714 2.00336563587 0 0 0 0 2.07684731483 0 0 0 0 0
 2.06915825605 2.25347852707 -0.515532016754 2.77980363369 1.89842730761 0 1.8437936157 0 2.52447366714 2.00336563587 0 0 0 0 2.07684731483 0 0 0 0 0
 2.06915825605 2.25347852707 2.77980363369 1.89842730761 0 1.8437936157 0 2.52447366714 2.00336563587 0 0 -0.435634851456 0 2.07684731483 0 0 0 0 0 0
 2.06915825605 2.25347852707 2.77980363369 1.89842730761 0 1.8437936157 0 2.52447366714 2.00336563587 2.0856602639 0 -0.435634851456 0 2.07684731483 0 0 0 0 0 0
 2.06915825605 2.25347852707 2.77981698513 1.89842730761 0 1.8437936157 0 2.52447366714 2.00336563587 2.0856602639 0 0 2.07684731483 0 0 0 0 0 0 0
 2.06915825605 2.25347852707 2.77981698513 1.89842730761 0 1.8437936157 0 2.52447366714 2.00336563587 2.0856602639 0 0 2.07684731483 0 0 1.92264186591 0 0 0 0
 2.06915825605 2.25347852707 2.77981698513 1.89842730761 0 1.8437936157 0 2.52447366714 2.00336563587 2.0856602639 0 0.0535583496094 2.07684731483 0 0 0 0 0 0 0
 2.06915825605 2.25347852707 2.77981698513 1.89842730761 0 1.8437936157 0 2.52447366714 2.11325418949 2.0856602639 0 0.0535583496094 2.07684731483 0 0 0 0 0 0 0
 2.06915825605 2.25347852707 2.77981698513 1.89842730761 0 1.8437936157 0 2.52447366714 2.11325418949 2.08487801254 0 2.07684731483 0 0 0 0 0 0 0 0
 2.06915825605 2.15098571777 2.77981698513 1.89842730761 0 1.8437936157 0 2.52447366714 2.11325418949 2.08487801254 0 2.07684731483 0 0 0 0 0 0 0 0
 2.06915825605 2.15098571777 2.77981698513 1.89842730761 0 1.8437936157 0 2.52447366714 2.13999283314 0 2.07684731483 0 0 0 0 0 0 0 0 0
 2.06915825605 2.15098571777 2.77981698513 1.89842730761 0 1.8437936157 0 2.52447366714 2.13999283314 0 2.07684731483 0 0 0 0 0 2.74658375978 0 0 0
 2.06915825605 2.15098571777 2.77981698513 1.89842730761 0 1.46311999857 0 2.52447366714 0 2.07684731483 0 0 0 0 0 2.74658375978 0 0 0 0
 2.06915825605 2.15098571777 2.77981698513 1.89842730761 0 1.46311999857 0 2.52447366714 0 2.07684731483 0 0 0 0 0 2.74658375978 0 0 0 -0.0201201438904
 2.06915825605 2.15098571777 2.77981698513 1.89842730761 0 1.46311999857 0 2.52447366714 0 2.07684731483 1.91975235939 0 0 0 0 2.74658375978 0 0 0 0
 2.06915825605 2.15098571777 2.77981698513 1.89842730761 0 1.46311999857 0 2.52447366714 0 2.07684731483 1.91975235939 2.44186317921 0 0 0 2.74658375978 0 0 0 0
 2.08399665356 2.15098571777 2.77981698513 1.89842730761 0 1.46311999857 0 2.52447366714 0 2.07684731483 2.44186317921 0 0 0 2.74658375978 0 0 0 0 0
 2.08399665356 2.15098571777 2.77981698513 1.89842730761 0 1.46311999857 1.08999633789 2.52447366714 0 2.07684731483 2.44186317921 0 0 0 2.74658375978 0 0 0 0 0
 2.08399665356 2.18510532379 2.77981698513 1.89842730761 0 1.46311999857 2.52447366714 0 2.07684731483 2.44186317921 0 0 0 2.74658375978 0 0 0 0 0 0
 2.08399665356 2.18510532379 2.77981698513 1.89842730761 0 1.46311999857 0.0491299629211 0 2.07684731483 2.44186317921 0 0 0 2.74658375978 0 0 0 0 0 0
 2.08399665356 2.18510532379 2.77981698513 1.89842730761 0 1.46311999857 0 2.07684731483 2.44186317921 0 0 6.38381016254 2.74658375978 0 0 0 0 0 0 0
 2.08399665356 2.18510532379 2.77981698513 1.89842730761 0 1.46311999857 0 2.07684731483 2.44186317921 0 0 6.38381016254 2.74658375978 0 0 1.5670375824 0 0 0 0
 2.08399665356 2.18510532379 2.77981698513 1.89842730761 0 1.12728631496 0 2.07684731483 2.44186317921 0 0 6.38381016254 2.74658375978 0 0 0 0 0 0 0
 2.08399665356 2.18510532379 2.77981698513 1.89842730761 0 1.12728631496 0 2.07684731483 2.44186317921 0 0 6.38381016254 2.74658375978 0 0 0 1.020614326 0 0 0
 2.08399665356 2.18510532379 2.77981698513 1.89842730761 0 1.12728631496 0 2.07684731483 2.44186317921 0 0 6.38381016254 2.74658375978 0 1.42622005939 0 0 0 0 0
 2.08399665356 2.18510532379 2.77981698513 1.89842730761 0 1.12728631496 0 2.07684731483 2.44188344479 0 0 6.38381016254 2.74658375978 0 1.42622005939 0 0 0 0 0
 2.08399665356 2.18510532379 2.77981698513 1.89842730761 0 1.12728631496 0 2.07684731483 2.44188344479 0 0 6.38381016254 2.74658375978 0 0 0.403256893158 0 0 0 0
 2.08399665356 2.18510532379 2.77981698513 1.89842730761 0 1.12728631496 2.83724596351 2.07684731483 2.44188344479 0 0 6.38381016254 2.74658375978 0 0 0.403256893158 0 0 0 0
 2.08399665356 2.18510532379 2.77981698513 1.89842730761 0 1.12728631496 2.83724596351 2.07684731483 2.44161820412 0 0 6.38381016254 2.74658375978 0 0 0 0 0 0 0
 2.08399665356 2.18510532379 2.77956819534 1.89842730761 0 1.12728631496 2.83724596351 2.07684731483 2.44161820412 0 0 6.38381016254 2.74658375978 0 0 0 0 0 0 0
 2.08399665356 2.18510532379 2.77956819534 1.89842730761 0 1.12728631496 2.83724596351 2.07684731483 0 0 6.38381016254 2.74658375978 0 0 0 0 0 0 0 2.2536046505
 2.08399665356 2.18510532379 2.77956819534 1.89842730761 0 1.12728631496 2.83724596351 2.07684731483 0 0 6.38381016254 2.74658375978 0 0 1.90777873993 0 0 0 0 2.2536046505
 2.08399665356 2.18510532379 2.77956819534 1.89842730761 0 1.12728631496 2.83724596351 2.07684731483 0 0 6.38381016254 2.74658375978 0 0 0 0 0 0.50496006012 2.2536046505 0
 2.08399665356 2.18510532379 2.77956819534 1.89842730761 0 1.12728631496 2.83724596351 2.07684731483 0 0 6.38381016254 2.74391782284 0 0 0 0 0 0.50496006012 2.2536046505 0
 2.08399665356 2.18510532379 2.77956819534 1.89643800259 0 1.12728631496 2.83724596351 2.07684731483 0 0 6.38381016254 2.74391782284 0 0 0 0 0 2.2536046505 0 0
 2.08399665356 2.18510532379 2.77956819534 1.89643800259 0 1.12728631496 2.83724596351 2.07684731483 0 0 6.38381016254 2.74391782284 2.75650441647 0 0 0 0 2.2536046505 0 0
 2.08399665356 2.18510532379 2.77956819534 0 1.12728631496 2.83724596351 2.07684731483 0 0 6.38381016254 2.74391782284 2.92065286636 0 0 0 0 2.2536046505 0 0 0
 2.08399665356 2.18510532379 2.77956819534 0 1.12728631496 2.83724596351 2.07684731483 0 0 5.43339437246 2.74391782284 2.92065286636 0 0 0 0 2.2536046505 0 0 0
 2.08399665356 2.18510532379 2.77956819534 0 1.12728631496 2.83724596351 2.07684731483 0 0 5.43339437246 2.74391782284 0 0 0 0 2.2536046505 0 0 0.276236057281 0
 2.08399665356 2.18510532379 2.77956819534 0 1.12728631496 2.83724596351 2.24404847622 0 0 5.43339437246 2.74391782284 0 0 0 0 2.2536046505 0 0 0.276236057281 0
 2.08399665356 2.18510532379 2.77956819534 0 1.12728631496 2.83724596351 2.24404847622 0 0 5.43339437246 2.08570079505 0 0 0 0 2.2536046505 0 0 0 0
 2.08399665356 2.18510532379 2.77956819534 0 1.12728631496 2.83724596351 2.24404847622 0 0 5.43339437246 2.08570079505 0 0 0 0 2.2536046505 0 0 4.20130693913 0
 2.08399665356 2.18510532379 2.77956819534 0 1.12728631496 2.82538051158 2.24404847622 0 0 5.43339437246 0 0 0 0 2.2536046505 0 0 4.20130693913 0 0
 2.08399665356 2.18510532379 2.77956819534 0 1.12728631496 2.82538051158 2.24404847622 0 0 5.43339437246 0 0 0.482503890991 0 2.2536046505 0 0 4.20130693913 0 0
 2.08399665356 2.18510532379 2.77956819534 0 1.12728631496 2.82538051158 2.24404847622 0 0 5.43339437246 0 0 0.096911907196 2.2536046505 0 0 4.20130693913 0 0 0
 2.08399665356 2.18510532379 2.77956819534 0 1.12728631496 2.82538051158 2.24404847622 0 0 5.43339437246 0 0 0.096911907196 2.2536046505 0 0 5.13180279732 0 0 0
 2.08399665356 2.18510532379 0.345011711121 0 1.12728631496 2.82538051158 2.24404847622 0 0 5.43339437246 0 0 2.2536046505 0 0 5.13180279732 0 0 0 0
 2.08399665356 2.18510532379 0.345011711121 0 1.12728631496 2.82538051158 2.24404847622 0 0 5.43339437246 0 0 2.2536046505 0 0 5.13180279732 0 0 1.30744171143 0
 2.00267648697 2.18510532379 0 1.12728631496 2.82538051158 2.24404847622 0 0 5.43339437246 0 0 2.2536046505 0 0 5.13180279732 0 0 1.30744171143 0 0
 2.00267648697 2.18510532379 0 1.12728631496 2.82538051158 2.24404847622 0 0 5.43339437246 0 0 2.2536046505 0 1.13169702888 5.13180279732 0 0 1.30744171143 0 0
 2.00267648697 2.18510532379 0 1.12728631496 2.82538051158 2.24404847622 0 0 5.43339437246 0 0 -1.15103507042 0 5.13180279732 0 0 1.30744171143 0 0 0
 2.00267648697 2.18510532379 0 1.12728631496 2.82538051158 2.24404847622 0 0 7.2422888279 0 0 -1.15103507042 0 5.13180279732 0 0 1.30744171143 0 0 0
 2.00267648697 2.18510532379 0 1.12728631496 2.82538051158 2.24404847622 0 0 7.2422888279 0 0 0 5.13180279732 0 0 1.30744171143 -0.609581589699 0 0 0
 2.00267648697 2.18510532379 0 1.12728631496 2.82538051158 2.24404847622 0 0 7.2422888279 0 0 0 5.13180279732 0 0 -0.0167603492737 -0.609581589699 0 0 0
 2.04421490431 2.18510532379 0 1.12728631496 2.82538051158 2.24404847622 0 0 7.2422888279 0 0 0 5.13180279732 0 0 -0.0167603492737 0 0 0 0
 2.04421490431 2.18510532379 0.743623241782 1.12728631496 2.82538051158 2.24404847622 0 0 7.2422888279 0 0 0 5.13180279732 0 0 -0.0167603492737 0 0 0 0
 2.04421490431 2.18510532379 1.12728631496 2.82538051158 2.24404847622 0 0 7.2422888279 1.32277488708 0 0 5.13180279732 0 0 -0.0167603492737 0 0 0 0 0
 2.04421490431 2.18510532379 1.12728631496 2.82538051158 2.24404847622 0 0 7.2422888279 1.32277488708 0 0 5.13180279732 2.08172631264 0 -0.0167603492737 0 0 0 0 0
 2.01892769337 2.18510532379 1.12728631496 2.82538051158 2.24404847622 0 0 7.2422888279 0 0 5.13180279732 2.08172631264 0 -0.0167603492737 0 0 0 0 0 0
 2.01892769337 2.18510532379 0.8415594697 2.82538051158 2.24404847622 0 0 7.2422888279 0 0 5.13180279732 2.08172631264 0 -0.0167603492737 0 0 0 0 0 0
 2.01892769337 2.18510532379 2.82538051158 -0.227696180344 0 0 7.2422888279 0 0 5.13180279732 2.08172631264 0 -0.0167603492737 0 0 0 0 0 0 0
 2.01892769337 2.18510532379 2.82538051158 -0.227696180344 0 0 7.2422888279 0 0 5.13180279732 2.08172631264 0 -0.0167603492737 0 0 2.25060904026 0 0 0 0
 2.01892769337 2.18510532379 2.82538051158 0 0 7.2422888279 0 0 5.13180279732 2.08172631264 0 -0.0167603492737 0 0 2.25060904026 0 0 0 0 1.10632384568
 2.01892769337 2.18510532379 2.82538051158 0 0 7.2422888279 0 0 1.84787765145 2.08172631264 0 -0.0167603492737 0 0 2.25060904026 0 0 0 0 1.10632384568
 2.01892769337 2.2560634613 2.82538051158 0 0 7.2422888279 0 0 1.84787765145 2.08172631264 0 -0.0167603492737 0 0 2.25060904026 0 0 0 0 0
 2.01892769337 2.2560634613 2.82538051158 0 0 7.2422888279 0 0 1.84787765145 2.08172631264 0 -0.0167603492737 0 0 2.25060904026 0 0 2.08307337761 0 0
 2.01892769337 2.2560634613 2.82538051158 0 0 7.2422888279 0 0 1.84787765145 2.16544914246 0 -0.0167603492737 0 0 2.25060904026 0 0 0 0 0
 2.01892769337 2.2560634613 2.82538051158 0 0 7.2422888279 0 0 1.84787765145 2.16544914246 0 -0.0167603492737 0 0 2.25060904026 -0.0896575450897 0 0 0 0
 2.01892769337 2.2560634613 2.82538051158 0 0 7.2422888279 0 0 1.84787765145 2.1805177927 0 -0.0167603492737 0 0 2.25060904026 0 0 0 0 0
 2.01892769337 2.06969547272 2.82538051158 0 0 7.2422888279 0 0 1.84787765145 2.1805177927 0 -0.0167603492737 0 0 2.25060904026 0 0 0 0 0
 2.01892769337 2.82538051158 0 0 7.2422888279 0 0 1.84787765145 2.1805177927 0 -0.0167603492737 0 0 2.25060904026 0 0 0 0 0 1.63457918167
 2.01892769337 2.82538051158 0 0 7.2422888279 0 0 1.84787765145 2.1805177927 1.33108851314 -0.0167603492737 0 0 2.25060904026 0 0 0 0 0 1.63457918167
 2.01892769337 2.82538051158 0 0 7.2422888279 0 0 1.84787765145 2.1805177927 -0.0167603492737 0 0 2.25060904026 0 0 0 0 2.33920621872 1.63457918167 0
 2.01892769337 2.82538051158 0 0 7.2422888279 0 0 1.84787765145 2.1805177927 -0.0167603492737 0 2.9180829972 2.25060904026 0 0 0 0 2.33920621872 1.63457918167 0
 2.01892769337 2.82538051158 0 1.22740721703 7.2422888279 0 0 1.84787765145 2.1805177927 -0.0167603492737 0 2.9180829972 2.25060904026 0 0 0 0 1.63457918167 0 0
 2.01892769337 2.80097730458 0 1.22740721703 7.2422888279 0 0 1.84787765145 2.1805177927 -0.0167603492737 0 2.9180829972 2.25060904026 0 0 0 0 1.63457918167 0 0
 2.01892769337 2.80097730458 0 7.2422888279 0 0 1.84787765145 2.1805177927 -0.0167603492737 0 2.9180829972 2.25060904026 2.55843234062 0 0 0 1.63457918167 0 0 0
 2.01892769337 2.83123347163 0 7.2422888279 0 0 1.84787765145 2.1805177927 -0.0167603492737 0 2.9180829972 2.25060904026 2.55843234062 0 0 0 1.63457918167 0 0 0
