 15.8499976397 14.3144087791 16.3211417198 18.7797017097 14.0315514803 13.3028763533 16.197437644 17.4250502586 16.1139625311 16.1009557247
 15.8499976397 14.3144087791 16.3211417198 18.7797017097 14.0315514803 13.3028763533 16.197437644 17.4250502586 16.0325393677 16.1009557247
 15.8499976397 14.3144087791 21.4074500799 18.7797017097 14.0315514803 13.3028763533 16.197437644 17.4250502586 16.0325393677 16.1009557247
 15.8499976397 14.3144087791 21.4074500799 18.7797017097 14.0315514803 13.3028763533 16.197437644 17.4250502586 16.1009557247 18.2751281261
 13.4568190575 14.3144087791 21.4074500799 18.7797017097 14.0315514803 13.3028763533 16.197437644 17.4250502586 16.1009557247 18.2751281261
 14.3144087791 18.8006745577 18.7797017097 14.0315514803 13.3028763533 16.197437644 17.4250502586 16.1009557247 18.2751281261 0
 14.3144087791 18.8006745577 18.7797017097 14.0315514803 13.3028763533 17.1789427996 17.4250502586 16.1009557247 18.2751281261 0
 14.3144087791 18.8006745577 18.7797017097 14.0315514803 13.3028763533 17.4250502586 16.1009557247 20.4429659843 0 0
 14.3144087791 18.8006745577 18.7797017097 14.0315514803 13.3028763533 17.4250502586 16.1009557247 20.4429659843 23.8132653236 0
 14.3144087791 18.8006745577 18.7797017097 14.0315514803 13.3028763533 17.4250502586 16.1009557247 21.5948433876 0 0
 14.3144087791 18.8006745577 18.7797017097 14.0315514803 13.3028763533 17.4250502586 16.1009557247 21.5948433876 20.9035580158 0
 18.0444310904 18.8006745577 18.7797017097 14.0315514803 13.3028763533 17.4250502586 16.1009557247 21.5948433876 0 0
 18.0444310904 18.8006745577 18.7797017097 15.0430910587 13.3028763533 17.4250502586 16.1009557247 21.5948433876 0 0
 18.0444310904 18.8006745577 18.7797017097 13.3028763533 17.4250502586 16.1009557247 21.5948433876 0 0 12.3532254696
 18.0444310904 18.8006745577 18.7797017097 13.3028763533 14.3067940474 16.1009557247 21.5948433876 0 0 12.3532254696
 18.0444310904 18.8006745577 18.7797017097 13.3028763533 14.3067940474 16.1009557247 16.2350840569 0 0 0
 18.0444310904 18.8006745577 18.7797017097 13.3028763533 14.3067940474 16.1009557247 16.2350840569 17.3485844135 0 0
 18.0444310904 18.8006745577 18.7797017097 13.3028763533 14.3067940474 16.1009557247 20.9235833883 0 0 0
 18.0444310904 18.8006745577 18.7797017097 13.3028763533 14.3067940474 17.8609489202 20.9235833883 0 0 0
 18.0444310904 18.8006745577 18.7797017097 15.8368480206 14.3067940474 20.9235833883 0 0 0 0
 18.0444310904 18.8006745577 22.9356503487 15.8368480206 14.3067940474 20.9235833883 0 0 0 0
 18.0444310904 18.8006745577 22.9356503487 14.3067940474 20.9235833883 17.3345015049 0 0 0 0
 18.0444310904 17.8673802614 22.9356503487 14.3067940474 20.9235833883 17.3345015049 0 0 0 0
 18.0444310904 17.8673802614 20.1631574631 14.3067940474 20.9235833883 0 0 0 0 0
 18.0444310904 17.8673802614 20.1631574631 14.3067940474 20.9235833883 0 0 21.076020062 0 0
 18.0444310904 17.8673802614 14.3067940474 20.9235833883 0 19.2785221338 21.076020062 0 0 0
 18.0444310904 17.8673802614 17.4635022879 20.9235833883 0 19.2785221338 21.076020062 0 0 0
 18.0444310904 17.8673802614 20.9235833883 0 18.7858724594 21.076020062 0 0 0 0
 18.0444310904 17.8673802614 20.9235833883 0 18.7858724594 21.076020062 0 0 0 18.3881970644
 18.0444310904 17.8673802614 20.9235833883 0 18.7858724594 21.076020062 0 0 18.9430213571 0
 18.0444310904 17.8673802614 20.9235833883 0 18.7858724594 23.2633229494 0 0 18.9430213571 0
 18.0444310904 17.8673802614 20.9235833883 0 18.7858724594 23.2633229494 0 0 0 19.3849769831
 18.0444310904 17.8673802614 20.9235833883 0 21.3052025437 23.2633229494 0 0 0 19.3849769831
 18.8685264587 17.8673802614 20.9235833883 0 21.3052025437 23.2633229494 0 0 0 0
 18.8685264587 17.8673802614 20.9235833883 0 21.3052025437 23.2633229494 14.4479039907 0 0 0
 18.8685264587 17.8673802614 20.9235833883 11.6422263831 21.3052025437 23.2633229494 0 0 0 0
 16.0826715231 17.8673802614 20.9235833883 11.6422263831 21.3052025437 23.2633229494 0 0 0 0
 16.0826715231 17.8673802614 20.9235833883 21.3052025437 23.2633229494 0 17.0103416443 0 0 0
 16.0826715231 17.8673802614 20.9235833883 21.3052025437 23.2633229494 0 17.0103416443 0 17.9803324938 0
 16.0826715231 17.8673802614 20.9235833883 21.3052025437 23.2633229494 0 0 15.1361085176 0 0
 16.0826715231 14.3038545847 20.9235833883 21.3052025437 23.2633229494 0 0 15.1361085176 0 0
 16.0826715231 20.9235833883 21.3052025437 23.2633229494 0 17.3749990463 15.1361085176 0 0 0
 16.0826715231 20.9235833883 21.3052025437 23.2633229494 0 17.3749990463 15.1361085176 0 17.3127212524 0
 16.0826715231 20.9235833883 18.6696318388 23.2633229494 0 17.3749990463 15.1361085176 0 0 0
 16.0826715231 20.9235833883 18.6696318388 16.8678668737 0 17.3749990463 15.1361085176 0 0 0
 16.0826715231 20.9235833883 18.6696318388 0 17.3749990463 15.1361085176 14.9122713804 0 0 0
 16.0826715231 20.9235833883 18.6696318388 0 17.3749990463 15.1361085176 14.9122713804 15.2430003881 0 0
 16.0826715231 20.9235833883 15.2149732113 0 17.3749990463 15.1361085176 15.2430003881 0 0 0
 16.0826715231 20.9235833883 15.2149732113 0 17.3749990463 14.9641069174 15.2430003881 0 0 0
 16.0826715231 20.9235833883 15.2149732113 0 19.8907854557 15.2430003881 0 0 0 0
 16.0826715231 20.9235833883 15.2149732113 0 19.8907854557 15.2430003881 20.6500039101 0 0 0
 16.0826715231 20.9235833883 20.1023433208 0 15.2430003881 20.6500039101 0 0 0 0
 16.0826715231 20.9235833883 20.1023433208 0 15.2430003881 20.6500039101 0 0 18.0282671452 0
 16.0826715231 20.9235833883 20.1023433208 0 15.2430003881 18.8463392258 0 0 0 0
 16.0826715231 20.9235833883 20.5458312035 0 15.2430003881 18.8463392258 0 0 0 0
 16.0826715231 20.9235833883 20.5458312035 0 15.2430003881 0 0 0 17.9698152542 0
 16.0826715231 20.9235833883 20.5458312035 0 14.7117830515 0 0 0 17.9698152542 0
 16.0826715231 20.9235833883 20.5458312035 0 0 0 15.4538474083 17.9698152542 0 0
 16.0826715231 20.9235833883 20.5458312035 0 19.4617401361 0 15.4538474083 17.9698152542 0 0
 15.5616858006 20.9235833883 20.5458312035 0 19.4617401361 0 17.9698152542 0 0 0
 15.5616858006 20.9235833883 20.3677127361 0 19.4617401361 0 17.9698152542 0 0 0
 20.9235833883 20.3677127361 0 19.4617401361 0 19.8176373243 0 0 0 0
 20.9235833883 20.3677127361 0 19.4617401361 0 19.8176373243 22.9789851904 0 0 0
 20.9235833883 20.3677127361 0 19.4617401361 0 22.9789851904 0 21.4672442675 0 0
 20.9235833883 20.3677127361 0 19.4617401361 0 15.9061160088 0 21.4672442675 0 0
 20.9235833883 20.3677127361 0 19.4617401361 0 21.4180287123 21.4672442675 0 0 0
 20.9235833883 20.3677127361 0 21.3442243338 0 21.4180287123 21.4672442675 0 0 0
 20.9235833883 20.3677127361 0 0 21.4180287123 21.4672442675 21.7945438623 0 0 0
 20.9235833883 22.6684679985 0 0 21.4180287123 21.4672442675 21.7945438623 0 0 0
 20.9235833883 22.6684679985 0 0 18.0964460373 21.4672442675 0 0 0 0
 20.9235833883 25.3549866676 0 0 18.0964460373 21.4672442675 0 0 0 0
 20.9235833883 25.3549866676 0 0 21.1068855524 0 0 0 0 0
 20.9235833883 24.7623667717 0 0 21.1068855524 0 0 0 0 0
 20.9235833883 24.7623667717 0 0 0 0 0 0 0 24.3660726547
 20.9235833883 23.5958580971 0 0 0 0 0 0 0 24.3660726547
 20.9235833883 0 0 0 0 0 21.344244957 0 24.3660726547 0
 20.9235833883 0 0 0 0 0 21.344244957 18.8557503223 24.3660726547 0
 20.9235833883 19.7380309105 0 0 0 0 21.344244957 24.3660726547 0 0
 20.9235833883 19.7380309105 0 0 0 0 21.344244957 24.3660726547 0 22.1045025587
 20.9235833883 0 0 0 0 22.4181656837 24.3660726547 0 22.1045025587 0
 20.9235833883 0 19.7881424427 0 0 22.4181656837 24.3660726547 0 22.1045025587 0
 20.9235833883 0 0 0 22.4181656837 24.3660726547 25.5125386715 22.1045025587 0 0
 20.9235833883 18.9687918425 0 0 22.4181656837 24.3660726547 25.5125386715 22.1045025587 0 0
 16.7717114687 0 0 22.4181656837 24.3660726547 25.5125386715 22.1045025587 0 0 0
 16.7717114687 0 0 22.4181656837 16.1131982803 25.5125386715 22.1045025587 0 0 0
 16.7717114687 0 0 22.4181656837 25.5125386715 22.1045025587 0 0 0 27.8014777899
 16.7717114687 0 0 22.4181656837 25.5125386715 22.1045025587 0 25.9503433704 0 27.8014777899
 16.7717114687 0 27.241384387 22.4181656837 25.5125386715 22.1045025587 0 0 27.8014777899 0
 16.7717114687 18.6181265116 27.241384387 22.4181656837 25.5125386715 22.1045025587 0 0 27.8014777899 0
 16.7717114687 27.241384387 22.4181656837 25.5125386715 22.2549061775 0 0 27.8014777899 0 0
 16.7717114687 27.241384387 22.4181656837 25.5125386715 22.2549061775 0 0 27.8014777899 21.670751214 0
 16.7717114687 27.241384387 22.4181656837 25.5125386715 22.2549061775 0 0 27.8014777899 22.1510968208 0
 15.9897071719 27.241384387 22.4181656837 25.5125386715 22.2549061775 0 0 27.8014777899 22.1510968208 0
 22.2913472652 22.4181656837 25.5125386715 22.2549061775 0 0 27.8014777899 22.1510968208 0 0
 22.2913472652 25.0766590834 25.5125386715 22.2549061775 0 0 27.8014777899 22.1510968208 0 0
 25.0766590834 25.5125386715 22.2549061775 21.5754112005 0 27.8014777899 22.1510968208 0 0 0
 25.0766590834 25.5125386715 22.2549061775 21.5754112005 0 27.8014777899 22.1510968208 21.2723534107 0 0
 25.0766590834 25.5125386715 22.2549061775 21.5754112005 17.2288862467 27.8014777899 22.1510968208 0 0 0
 25.0766590834 25.5125386715 22.2549061775 23.9408667088 17.2288862467 27.8014777899 22.1510968208 0 0 0
 17.750747323 25.5125386715 22.2549061775 23.9408667088 27.8014777899 22.1510968208 0 0 0 0
 17.750747323 25.5125386715 22.2549061775 17.0680378675 27.8014777899 22.1510968208 0 0 0 0
 17.750747323 25.5125386715 17.4057263136 27.8014777899 22.1510968208 0 0 0 0 0
 17.750747323 18.842854619 17.4057263136 27.8014777899 22.1510968208 0 0 0 0 0
 17.750747323 18.842854619 27.8014777899 22.1510968208 0 0 0 0 16.5907068253 0
 17.750747323 18.842854619 27.8014777899 22.1510968208 0 0 16.6951476336 0 16.5907068253 0
 17.750747323 18.842854619 27.8014777899 22.1510968208 0 19.1650154591 16.6951476336 0 0 0
 17.750747323 18.842854619 15.8040714264 22.1510968208 0 19.1650154591 16.6951476336 0 0 0
 17.750747323 18.842854619 22.1510968208 0 19.1650154591 16.6951476336 17.9958153963 0 0 0
 17.750747323 18.842854619 22.1510968208 20.7832399607 19.1650154591 16.6951476336 17.9958153963 0 0 0
 22.3280889988 18.842854619 22.1510968208 20.7832399607 19.1650154591 16.6951476336 0 0 0 0
 22.3280889988 17.3629901409 22.1510968208 20.7832399607 19.1650154591 16.6951476336 0 0 0 0
 22.3280889988 22.1510968208 20.7832399607 17.8562823534 16.6951476336 0 0 0 0 0
 18.9416619539 22.1510968208 20.7832399607 17.8562823534 16.6951476336 0 0 0 0 0
 23.840878129 22.1510968208 20.7832399607 16.6951476336 0 0 0 0 0 0
 23.840878129 22.1510968208 20.7832399607 16.6951476336 0 0 20.3635114431 0 0 0
 15.8192712367 22.1510968208 20.7832399607 16.6951476336 0 0 0 0 0 0
 15.8192712367 22.1510968208 20.7832399607 16.6951476336 0 18.0031098127 0 0 0 0
 22.1510968208 20.7832399607 16.6951476336 0 18.0031098127 0 0 0 17.3176982403 0
 18.3662703037 20.7832399607 16.6951476336 0 18.0031098127 0 0 0 17.3176982403 0
 18.3662703037 20.7832399607 13.4687951803 0 18.0031098127 0 0 0 0 0
 18.3662703037 20.7832399607 13.4687951803 14.361546129 18.0031098127 0 0 0 0 0
 18.3662703037 20.7832399607 14.361546129 18.0031098127 18.3141070604 0 0 0 0 0
 18.3662703037 20.7832399607 14.361546129 18.0031098127 18.3141070604 0 0 0 0 21.0671858788
 18.3662703037 17.4934380054 14.361546129 18.0031098127 0 0 0 0 21.0671858788 0
 18.8634759188 17.4934380054 14.361546129 18.0031098127 0 0 0 0 21.0671858788 0
 18.8634759188 14.361546129 18.0031098127 0 0 0 0 21.0671858788 0 23.0370266438
 18.8634759188 14.361546129 19.6553026438 0 0 0 0 21.0671858788 0 23.0370266438
 18.8634759188 14.361546129 0 0 0 0 21.0671858788 0 14.9286607802 0
 18.8634759188 14.361546129 0 0 0 18.6972657442 21.0671858788 0 14.9286607802 0
 18.8634759188 14.361546129 17.0798541009 0 0 18.6972657442 21.0671858788 0 0 0
 18.8634759188 14.361546129 17.0798541009 0 0 18.6972657442 21.0671858788 0 20.3702173233 0
 18.8634759188 14.361546129 0 0 18.6972657442 21.0671858788 20.9572358131 20.3702173233 0 0
 18.8634759188 19.2213447094 0 0 18.6972657442 21.0671858788 20.9572358131 20.3702173233 0 0
 18.8634759188 0 0 18.6972657442 21.0671858788 20.9572358131 20.3702173233 0 18.6052780151 0
 18.8634759188 0 0 18.6972657442 21.0671858788 20.9572358131 21.1981585026 0 18.6052780151 0
 18.8634759188 18.3403124809 0 18.6972657442 21.0671858788 20.9572358131 21.1981585026 0 0 0
 18.8634759188 18.3403124809 0 18.6972657442 21.0671858788 16.9659678936 21.1981585026 0 0 0
 23.7125193477 18.3403124809 0 18.6972657442 21.0671858788 21.1981585026 0 0 0 0
 23.7125193477 21.1151681542 0 18.6972657442 21.0671858788 21.1981585026 0 0 0 0
 23.7125193477 0 18.6972657442 21.0671858788 21.1981585026 0 0 0 0 18.7556520104
 23.7125193477 0 16.6454102993 21.0671858788 21.1981585026 0 0 0 0 18.7556520104
 23.7125193477 0 21.0671858788 12.0994872898 0 0 0 0 18.7556520104 0
 23.7125193477 20.316680789 21.0671858788 12.0994872898 0 0 0 0 18.7556520104 0
 23.7125193477 20.316680789 21.0671858788 0 0 0 0 17.172118783 0 0
 23.7125193477 20.316680789 21.0671858788 0 19.1828215569 0 0 17.172118783 0 0
 22.5983265638 20.316680789 21.0671858788 0 19.1828215569 0 0 0 0 0
 22.5983265638 20.316680789 21.0671858788 0 19.1828215569 0 18.1542095542 0 0 0
 22.5983265638 20.316680789 21.0671858788 0 20.9936954975 0 0 0 0 0
 22.5983265638 20.316680789 21.0671858788 0 20.9936954975 0 0 17.6556117237 0 0
 22.5983265638 20.316680789 21.0671858788 0 20.9936954975 0 0 20.576693058 0 0
 22.5983265638 20.316680789 21.0671858788 0 20.9936954975 0 19.1934499741 20.576693058 0 0
 22.5983265638 20.316680789 21.0671858788 0 20.9936954975 0 20.576693058 0 18.5366120338 0
 20.4015626907 20.316680789 21.0671858788 0 20.9936954975 0 20.576693058 0 18.5366120338 0
 17.002577424 20.316680789 21.0671858788 0 20.9936954975 0 20.576693058 0 0 0
 17.002577424 20.316680789 21.0671858788 0 20.9936954975 0 20.576693058 0 0 19.7829778194
 20.316680789 21.0671858788 0 20.9936954975 0 15.6734362543 0 0 19.7829778194 0
 20.316680789 14.497308135 0 20.9936954975 0 15.6734362543 0 0 19.7829778194 0
 20.316680789 0 20.9936954975 0 15.6734362543 0 18.6286788583 19.7829778194 0 0
 20.316680789 0 20.9936954975 0 15.6734362543 21.4114711285 18.6286788583 19.7829778194 0 0
 20.316680789 0 20.9936954975 0 15.6734362543 20.8901253939 19.7829778194 0 0 0
 20.316680789 0 20.9936954975 0 15.6734362543 20.8901253939 19.7829778194 0 20.9759063721 0
 20.316680789 16.0747941732 20.9936954975 0 15.6734362543 19.7829778194 0 20.9759063721 0 0
 20.316680789 16.0747941732 20.9936954975 0 15.6734362543 19.7829778194 0 20.9759063721 0 18.9266258478
 20.316680789 20.9936954975 0 18.5157194138 19.7829778194 0 20.9759063721 0 18.9266258478 0
 20.316680789 20.9936954975 0 18.5157194138 19.7829778194 0 20.9759063721 19.0523563623 18.9266258478 0
 20.316680789 20.9936954975 0 15.3927769661 0 20.9759063721 19.0523563623 18.9266258478 0 0
 20.316680789 20.9936954975 0 15.3927769661 0 20.9759063721 19.0523563623 18.9266258478 0 20.8693674803
 20.316680789 20.9936954975 0 0 20.9759063721 19.0523563623 25.7043502331 0 20.8693674803 0
 20.316680789 17.1414250135 0 0 20.9759063721 19.0523563623 25.7043502331 0 20.8693674803 0
 20.316680789 0 0 20.9759063721 19.0523563623 25.7043502331 18.5757004172 20.8693674803 0 0
 20.316680789 0 0 20.9759063721 19.0523563623 23.3433630466 18.5757004172 20.8693674803 0 0
 20.316680789 0 0 20.9759063721 19.0523563623 23.3433630466 20.8693674803 0 21.5865668654 0
 20.316680789 0 0 20.9759063721 19.0523563623 23.3433630466 20.8693674803 22.0215624571 21.5865668654 0
 20.316680789 0 0 20.9759063721 19.0523563623 23.3433630466 20.8693674803 19.3055846691 0 0
 20.316680789 0 0 20.9759063721 19.0523563623 23.3433630466 20.8693674803 19.3055846691 0 20.4481492043
 20.316680789 0 0 20.9759063721 19.0523563623 23.3433630466 20.8693674803 0 19.3078792095 0
 20.316680789 0 0 20.9759063721 17.188713789 23.3433630466 20.8693674803 0 19.3078792095 0
 20.316680789 0 0 20.9759063721 19.2863847017 20.8693674803 0 19.3078792095 0 0
 20.316680789 18.082661733 0 20.9759063721 19.2863847017 20.8693674803 0 19.3078792095 0 0
 20.316680789 0 20.9759063721 19.2863847017 20.8693674803 0 17.3989169598 0 0 0
 20.316680789 15.5623847246 20.9759063721 19.2863847017 20.8693674803 0 17.3989169598 0 0 0
 20.316680789 20.9759063721 19.2863847017 20.8693674803 0 17.3989169598 0 0 18.2927393913 0
 20.316680789 20.9759063721 19.2863847017 20.8693674803 0 17.3989169598 0 17.6651523113 18.2927393913 0
 16.8403909206 20.9759063721 19.2863847017 20.8693674803 0 17.3989169598 0 18.2927393913 0 0
 16.8403909206 20.9759063721 19.2863847017 20.8693674803 0 17.3989169598 0 10.1335574985 0 0
 16.8403909206 20.9759063721 19.2863847017 20.8693674803 0 17.3989169598 22.8238594532 0 0 0
 16.8403909206 19.12035501 19.2863847017 20.8693674803 0 17.3989169598 22.8238594532 0 0 0
 16.8403909206 19.2863847017 20.8693674803 0 17.3989169598 22.8238594532 0 0 0 18.7269120216
 17.762281239 19.2863847017 20.8693674803 0 17.3989169598 22.8238594532 0 0 0 18.7269120216
 19.2863847017 20.8693674803 0 17.3989169598 22.8238594532 23.8838630915 0 0 18.7269120216 0
 13.777777642 20.8693674803 0 17.3989169598 22.8238594532 23.8838630915 0 0 18.7269120216 0
 20.8693674803 0 17.3989169598 22.8238594532 23.8838630915 0 0 18.7269120216 0 17.5514569283
 20.8693674803 0 17.3989169598 22.8238594532 23.8838630915 0 0 20.2019490004 0 17.5514569283
 20.8693674803 0 17.3989169598 7.36294926703 23.8838630915 0 0 20.2019490004 0 0
 19.5549509525 0 17.3989169598 7.36294926703 23.8838630915 0 0 20.2019490004 0 0
 19.5549509525 0 17.3989169598 23.8838630915 0 0 13.7256509662 0 0 0
 19.5549509525 0 21.255251646 23.8838630915 0 0 13.7256509662 0 0 0
 19.5549509525 0 21.255251646 18.4593601227 0 0 0 0 0 0
 19.5549509525 0 19.4842686653 18.4593601227 0 0 0 0 0 0
 19.5549509525 0 19.4842686653 0 19.3118633032 0 0 0 0 0
 19.5549509525 0 19.4842686653 18.6160231829 19.3118633032 0 0 0 0 0
 19.5549509525 24.3880062103 19.4842686653 19.3118633032 0 0 0 0 0 0
 19.5549509525 24.3880062103 19.4842686653 19.3118633032 0 0 20.0858162493 0 0 0
 19.5549509525 24.3880062103 19.4842686653 19.3118633032 0 0 0 17.5090668201 0 0
 19.5549509525 24.3880062103 19.4842686653 19.3118633032 0 0 19.7753440142 17.5090668201 0 0
 19.5549509525 24.3880062103 19.4842686653 19.3118633032 0 22.7212055922 19.7753440142 0 0 0
 19.5549509525 24.3880062103 19.4842686653 19.3118633032 0 22.7212055922 21.0777363479 0 0 0
 23.3605092764 24.3880062103 19.4842686653 19.3118633032 0 22.7212055922 0 0 0 0
 23.3605092764 24.3880062103 19.4842686653 19.3118633032 0 22.7212055922 0 0 21.2634797096 0
 23.3605092764 24.3880062103 19.4842686653 19.3118633032 0 22.7212055922 0 0 0 17.4685680866
 23.3605092764 24.3880062103 19.4842686653 19.3118633032 18.2602210641 22.7212055922 0 0 0 17.4685680866
 23.3605092764 24.3880062103 19.4842686653 19.3118633032 18.2602210641 22.7212055922 0 0 0 18.4592665434
 23.3605092764 24.3880062103 19.4842686653 18.6767803431 18.2602210641 22.7212055922 0 0 0 18.4592665434
 23.3605092764 24.3880062103 19.4842686653 18.6767803431 18.2602210641 22.7212055922 0 0 0 18.5552796125
 23.3605092764 24.3880062103 19.4842686653 17.4396716356 18.2602210641 22.7212055922 0 0 0 18.5552796125
 23.3605092764 24.3880062103 19.4842686653 18.2602210641 22.7212055922 0 19.9928832054 0 18.5552796125 0
 23.3605092764 24.3880062103 19.4842686653 18.2602210641 22.7212055922 0 19.9928832054 0 18.5552796125 18.7343810499
 23.3605092764 18.7921349108 19.4842686653 18.2602210641 22.7212055922 0 19.9928832054 0 18.5552796125 0
 23.3605092764 18.7921349108 19.4842686653 15.9934821129 22.7212055922 0 19.9928832054 0 18.5552796125 0
 23.3605092764 18.7921349108 19.4842686653 22.7212055922 0 18.6538354754 0 18.5552796125 0 0
 23.3605092764 18.7921349108 19.4842686653 22.7212055922 0 18.6538354754 20.8362175226 18.5552796125 0 0
 23.3605092764 18.7921349108 19.4842686653 22.7212055922 0 18.671025008 18.5552796125 0 0 0
 25.3741562366 18.7921349108 19.4842686653 22.7212055922 0 18.671025008 18.5552796125 0 0 0
 25.3741562366 18.5796837807 19.4842686653 22.7212055922 0 18.5552796125 0 0 0 0
 17.6424245536 18.5796837807 19.4842686653 22.7212055922 0 18.5552796125 0 0 0 0
 22.6417469978 19.4842686653 22.7212055922 0 18.5552796125 0 0 0 0 0
 22.6417469978 19.4842686653 23.748080492 0 18.5552796125 0 0 0 0 0
 19.4842686653 16.5240347385 0 18.5552796125 0 0 0 0 0 0
 19.4842686653 16.5240347385 0 18.5552796125 0 0 0 0 0 16.0216661692
 19.4842686653 16.5240347385 0 18.5552796125 0 0 21.5161771774 0 0 0
 19.4842686653 16.5240347385 19.1845142841 18.5552796125 0 0 21.5161771774 0 0 0
 19.4842686653 16.5240347385 18.5552796125 0 20.1232440472 21.5161771774 0 0 0 0
 19.4842686653 16.5240347385 18.5552796125 0 20.1232440472 21.5161771774 18.395096913 0 0 0
 19.4842686653 16.5240347385 18.5552796125 18.112624079 20.1232440472 21.5161771774 0 0 0 0
 19.4842686653 16.5240347385 18.5552796125 18.112624079 20.1232440472 21.5161771774 19.428883791 0 0 0
 19.4842686653 16.5240347385 18.5552796125 20.1232440472 21.5161771774 19.428883791 0 0 0 20.392519474
 19.4842686653 16.5240347385 18.5552796125 20.1232440472 21.5161771774 19.428883791 0 0 19.2890332937 20.392519474
 19.4842686653 16.5240347385 18.5552796125 20.1232440472 21.5161771774 19.428883791 0 0 15.9792814255 0
 19.4842686653 16.5240347385 18.5552796125 16.2168219984 21.5161771774 19.428883791 0 0 15.9792814255 0
 19.4842686653 16.5240347385 18.5552796125 16.2168219984 19.798225522 19.428883791 0 0 0 0
 19.4842686653 16.5240347385 18.5552796125 16.2168219984 19.798225522 19.428883791 0 18.4075650275 0 0
 19.4842686653 16.5240347385 16.9971671104 16.2168219984 19.798225522 19.428883791 0 0 0 0
 16.2826378047 16.5240347385 16.9971671104 16.2168219984 19.798225522 19.428883791 0 0 0 0
 16.5240347385 16.9971671104 16.2168219984 19.798225522 19.428883791 0 0 0 23.7928702831 0
 16.5240347385 16.9971671104 16.2168219984 19.798225522 19.428883791 0 0 0 23.7928702831 20.5580794811
 16.5240347385 16.9971671104 16.2168219984 19.798225522 19.428883791 0 0 0 18.3641740084 0
 16.5240347385 16.9971671104 16.2168219984 19.798225522 19.428883791 18.8349366933 0 0 18.3641740084 0
 16.5240347385 16.9971671104 16.2168219984 16.5988112688 19.428883791 18.8349366933 0 0 0 0
 16.5240347385 16.9971671104 16.2168219984 16.5988112688 13.9279907495 18.8349366933 0 0 0 0
 18.3209391683 16.9971671104 16.2168219984 16.5988112688 18.8349366933 0 0 0 0 0
 18.3209391683 16.9971671104 16.2168219984 16.5988112688 18.8349366933 13.8664622158 0 0 0 0
 18.3209391683 16.9971671104 16.2168219984 16.5988112688 18.8349366933 0 0 0 0 13.9818149507
 19.3965696096 16.9971671104 16.2168219984 16.5988112688 18.8349366933 0 0 0 0 13.9818149507
 19.3965696096 16.9971671104 16.2168219984 18.8329715729 18.8349366933 0 0 0 0 0
 19.3965696096 16.9971671104 16.2168219984 18.8329715729 26.6024258137 0 0 0 0 0
 19.3965696096 16.9971671104 16.2168219984 7.82066147029 0 0 0 0 0 0
 21.2300007343 16.9971671104 16.2168219984 7.82066147029 0 0 0 0 0 0
 21.2300007343 16.9971671104 16.2168219984 0 0 0 20.2659449577 0 0 0
 21.2300007343 16.9971671104 16.2168219984 0 18.4312131405 0 20.2659449577 0 0 0
 21.2300007343 16.9971671104 16.2168219984 0 0 16.2108180523 0 0 0 0
 21.2300007343 16.9971671104 16.2168219984 0 0 16.2108180523 0 0 0 16.5369566679
 21.2300007343 16.9971671104 16.2168219984 17.3018086553 0 0 0 0 16.5369566679 0
 21.2300007343 16.9971671104 16.2168219984 17.3018086553 16.2434054613 0 0 0 16.5369566679 0
 21.2300007343 16.9971671104 16.2168219984 17.3018086553 0 0 0 16.5369566679 16.983530879 0
 21.2300007343 16.9971671104 16.2168219984 17.3018086553 0 0 0 16.5369566679 16.983530879 19.0121261477
 21.2300007343 16.9971671104 16.2168219984 22.5641688108 0 0 0 16.5369566679 19.0121261477 0
 21.2300007343 16.9971671104 16.2168219984 22.5641688108 0 17.0547605753 0 16.5369566679 19.0121261477 0
 21.2300007343 16.9971671104 19.981708169 22.5641688108 0 0 16.5369566679 19.0121261477 0 0
 21.2300007343 18.1432591677 19.981708169 22.5641688108 0 0 16.5369566679 19.0121261477 0 0
 21.2300007343 19.981708169 16.5817160606 0 0 16.5369566679 19.0121261477 0 0 0
 21.2300007343 19.981708169 16.5817160606 0 0 18.0436278582 19.0121261477 0 0 0
 21.2300007343 19.981708169 0 19.338145256 18.0436278582 19.0121261477 0 0 0 0
 20.3990931511 19.981708169 0 19.338145256 18.0436278582 19.0121261477 0 0 0 0
 20.3990931511 19.981708169 20.6112517118 18.0436278582 19.0121261477 0 0 0 0 0
 20.3990931511 19.981708169 20.6112517118 18.0436278582 19.0121261477 0 0 0 18.9887998104 0
 20.3990931511 19.981708169 20.6112517118 18.0436278582 17.0542793274 0 0 0 0 0
 20.3990931511 19.981708169 20.6112517118 18.0436278582 17.0542793274 0 0 0 18.9864791632 0
 20.3990931511 19.2794475555 20.6112517118 18.0436278582 0 0 0 18.9864791632 0 0
 20.3990931511 19.2794475555 20.6112517118 18.0436278582 0 0 0 18.9864791632 0 17.237988472
 20.3990931511 19.2794475555 20.6112517118 22.4329378605 0 0 0 18.9864791632 0 0
 15.9251542091 19.2794475555 20.6112517118 22.4329378605 0 0 0 18.9864791632 0 0
 19.2794475555 16.0178295374 22.4329378605 0 0 0 18.9864791632 0 0 0
 19.2794475555 16.0178295374 22.4329378605 0 0 0 22.8598463535 0 0 0
 19.2794475555 22.4329378605 0 0 0 16.8986805677 0 0 0 0
 19.2794475555 22.4329378605 0 18.2375856638 0 16.8986805677 0 0 0 0
 19.2794475555 22.4329378605 0 18.2375856638 0 0 0 0 0 15.4271032512
 19.2794475555 22.4329378605 0 18.2375856638 17.9816044569 0 0 0 0 15.4271032512
 19.2794475555 22.4329378605 0 18.8121834397 17.9816044569 0 0 0 0 0
 19.2794475555 22.4329378605 0 18.8121834397 17.9816044569 0 17.6911752373 0 0 0
 19.2794475555 22.4329378605 0 18.8121834397 17.9816044569 0 0 0 18.9527578354 0
 19.2794475555 22.4329378605 0 18.8121834397 17.9816044569 0 0 20.2774260044 18.9527578354 0
 19.2794475555 22.4329378605 0 18.8121834397 17.9816044569 0 0 17.5592080355 0 0
 19.2794475555 22.4329378605 0 18.8121834397 17.9816044569 0 0 17.5592080355 0 21.3798079491
 19.2794475555 15.2032957375 0 18.8121834397 17.9816044569 0 0 0 21.3798079491 0
 19.2794475555 15.2032957375 24.1541957855 18.8121834397 17.9816044569 0 0 0 21.3798079491 0
 19.2794475555 21.4564828873 18.8121834397 17.9816044569 0 0 0 21.3798079491 0 0
 19.2794475555 21.4564828873 16.1836647987 17.9816044569 0 0 0 21.3798079491 0 0
 19.2794475555 21.4564828873 17.9816044569 0 0 0 21.3798079491 18.9151831418 0 0
 19.2794475555 21.405487895 17.9816044569 0 0 0 21.3798079491 18.9151831418 0 0
 19.2794475555 21.405487895 17.9816044569 0 0 0 21.3798079491 18.3468314111 0 0
 19.2794475555 21.405487895 17.9816044569 0 0 0 23.9249544144 18.3468314111 0 0
 19.2794475555 21.405487895 17.9816044569 0 0 0 23.9249544144 20.6122012138 0 0
 19.2794475555 21.405487895 17.9816044569 15.583427608 0 0 23.9249544144 20.6122012138 0 0
 19.2794475555 21.405487895 17.9816044569 0 0 16.8287284374 20.6122012138 0 0 0
 19.2794475555 21.405487895 17.9816044569 20.028717041 0 16.8287284374 20.6122012138 0 0 0
 19.2794475555 21.405487895 17.9816044569 18.9819744863 0 20.6122012138 0 0 0 0
 19.2794475555 21.405487895 17.9816044569 18.9819744863 0 19.4380762577 0 0 0 0
 19.2794475555 21.405487895 17.9816044569 0 19.4380762577 0 0 0 0 16.9041063786
 19.2794475555 21.405487895 17.2097833157 0 19.4380762577 0 0 0 0 16.9041063786
 17.572248973 21.405487895 17.2097833157 0 19.4380762577 0 0 0 0 0
 17.572248973 21.405487895 17.2097833157 0 19.4380762577 23.4676597118 0 0 0 0
 19.3727228642 17.2097833157 0 19.4380762577 23.4676597118 0 0 0 0 0
 19.3727228642 17.2097833157 0 19.4380762577 19.6432446241 0 0 0 0 0
 17.2097833157 0 19.4380762577 19.6432446241 0 19.5068688393 0 0 0 0
 17.2097833157 0 19.4380762577 19.6432446241 0 19.5068688393 0 0 16.6235523224 0
 17.2097833157 0 19.4380762577 19.6432446241 21.6943968534 19.5068688393 0 0 0 0
 17.2097833157 0 19.4380762577 19.6432446241 21.6943968534 19.5068688393 0 0 20.1457564831 0
 17.2097833157 0 21.4765591621 19.6432446241 21.6943968534 19.5068688393 0 0 0 0
 17.2097833157 21.063957572 21.4765591621 19.6432446241 21.6943968534 19.5068688393 0 0 0 0
 17.2097833157 20.2351819128 19.6432446241 21.6943968534 19.5068688393 0 0 0 0 0
 17.2097833157 20.2351819128 19.6432446241 21.6943968534 19.5068688393 0 0 0 18.6453583241 0
 17.2097833157 20.2351819128 19.6432446241 21.6943968534 19.5068688393 17.4085183144 0 0 0 0
 19.4595272541 20.2351819128 19.6432446241 21.6943968534 19.5068688393 17.4085183144 0 0 0 0
 19.4595272541 23.3932725191 19.6432446241 21.6943968534 19.5068688393 0 0 0 0 0
 19.4595272541 23.3932725191 19.6432446241 19.0075317621 19.5068688393 0 0 0 0 0
 19.4595272541 23.3932725191 19.6432446241 19.5068688393 0 17.7481012344 0 0 0 0
 19.4595272541 23.3932725191 19.6432446241 19.5068688393 0 17.7481012344 0 0 0 22.3403060436
 19.4595272541 23.3932725191 19.6432446241 19.5068688393 0 0 19.5726486295 0 22.3403060436 0
 19.4595272541 23.3932725191 19.6432446241 19.5068688393 0 0 19.5726486295 18.3607696295 22.3403060436 0
 19.4595272541 23.3932725191 19.6432446241 19.5068688393 0 0 19.5726486295 22.3403060436 16.6794903278 0
 19.4595272541 23.3932725191 17.7942869663 19.5068688393 0 0 19.5726486295 22.3403060436 16.6794903278 0
 19.4595272541 23.3932725191 17.7942869663 19.5068688393 0 0 19.5726486295 20.7034494877 0 0
 19.4595272541 23.3932725191 17.8898699284 19.5068688393 0 0 19.5726486295 20.7034494877 0 0
 19.4595272541 23.3932725191 19.5068688393 0 0 19.5726486295 20.7034494877 16.9914814234 0 0
 19.4595272541 23.3932725191 19.5068688393 0 0 19.5726486295 20.4935562611 16.9914814234 0 0
 21.6939196587 23.3932725191 19.5068688393 0 0 19.5726486295 20.4935562611 0 0 0
 21.6939196587 23.3932725191 19.5068688393 0 0 19.5726486295 20.4935562611 20.9353493452 0 0
 21.6939196587 23.3932725191 19.5068688393 0 18.7990745306 19.5726486295 20.4935562611 0 0 0
 21.6939196587 22.743272543 19.5068688393 0 18.7990745306 19.5726486295 20.4935562611 0 0 0
 21.6939196587 22.743272543 19.5068688393 0 21.32178545 20.4935562611 0 0 0 0
 21.6939196587 22.743272543 19.5068688393 0 21.32178545 19.9602668285 0 0 0 0
 21.6939196587 22.743272543 19.5068688393 0 21.32178545 0 0 20.729927659 0 0
 19.6113731861 22.743272543 19.5068688393 0 21.32178545 0 0 20.729927659 0 0
 22.743272543 19.5068688393 0 21.32178545 0 0 20.729927659 0 0 18.2693836689
 22.743272543 19.5068688393 0 21.32178545 0 0 20.729927659 18.6347585171 0 18.2693836689
 22.743272543 19.5068688393 17.2847635746 21.32178545 0 0 20.729927659 18.6347585171 0 0
 11.0316577554 19.5068688393 17.2847635746 21.32178545 0 0 20.729927659 18.6347585171 0 0
 19.5068688393 17.2847635746 21.32178545 0 0 20.729927659 18.6347585171 0 13.4725615978 0
 21.0640718937 17.2847635746 21.32178545 0 0 20.729927659 18.6347585171 0 13.4725615978 0
 21.0640718937 17.2847635746 21.32178545 0 17.1547374725 20.729927659 18.6347585171 0 0 0
 21.0640718937 17.2847635746 15.1541869044 0 17.1547374725 20.729927659 18.6347585171 0 0 0
 21.0640718937 17.2847635746 0 17.1547374725 20.729927659 18.6347585171 0 0 14.163805604 0
 21.0640718937 17.2847635746 0 17.1547374725 20.729927659 18.6347585171 0 21.413338542 14.163805604 0
 21.0640718937 17.2847635746 0 17.1547374725 20.729927659 21.407474041 0 21.413338542 0 0
 18.2603905201 17.2847635746 0 17.1547374725 20.729927659 21.407474041 0 21.413338542 0 0
 17.2847635746 0 17.1547374725 20.729927659 21.407474041 17.2617132664 21.413338542 0 0 0
 17.2847635746 0 17.1547374725 22.1594059467 21.407474041 17.2617132664 21.413338542 0 0 0
 17.2847635746 0 17.1547374725 22.1594059467 21.407474041 21.413338542 0 0 23.1446020603 0
 17.2847635746 0 17.1547374725 22.1594059467 21.407474041 19.0875221491 0 0 23.1446020603 0
 17.2847635746 0 18.4636058807 22.1594059467 21.407474041 0 0 23.1446020603 0 0
 17.2847635746 0 18.4636058807 22.1594059467 21.407474041 0 0 23.1446020603 19.2666654587 0
