 1.64497244358 1.87571138144 3.84234976768 0.919576644897 3.23814189434 0.738923370838 0.739925742149 1.11695897579 0.0 2.79940569401 2.23200750351 0.507983088493 -0.14732003212 0.796690713614 0.565310001373 0.00517416000366 1.07981592417 5.01589113474 1.71765780449 0.763803977519
 1.64497244358 1.87571138144 3.84234976768 0.919576644897 3.23814189434 0.738923370838 0.728070318699 1.11695897579 0.0 2.79940569401 2.23200750351 0.507983088493 -0.14732003212 0.796690713614 0.565310001373 0.00517416000366 1.07981592417 5.01589113474 1.71765780449 0.763803977519
 0.582678318024 1.87571138144 3.84234976768 0.919576644897 3.23814189434 0.738923370838 0.728070318699 1.11695897579 0.0 2.79940569401 2.23200750351 0.507983088493 -0.14732003212 0.796690713614 0.565310001373 0.00517416000366 1.07981592417 5.01589113474 1.71765780449 0.763803977519
 1.87571138144 3.08664190769 0.919576644897 3.23814189434 0.738923370838 0.728070318699 1.11695897579 0.0 2.79940569401 2.23200750351 0.507983088493 -0.14732003212 0.796690713614 0.565310001373 0.00517416000366 1.07981592417 5.01589113474 1.71765780449 0.763803977519 0
 1.87571138144 3.08664190769 0.919576644897 3.23814189434 0.738923370838 0.728070318699 1.11695897579 0.0 -9.53674316406e-07 2.23200750351 0.507983088493 -0.14732003212 0.796690713614 0.565310001373 0.00517416000366 1.07981592417 5.01589113474 1.71765780449 0.763803977519 0
 1.87571138144 3.08664190769 0.919576644897 3.23814189434 0.738923370838 0.728070318699 1.11695897579 0.0 2.23200750351 0.509969115257 -0.14732003212 0.796690713614 0.565310001373 0.00517416000366 1.07981592417 5.01589113474 1.71765780449 0.763803977519 0 0
 1.85507899523 3.08664190769 0.919576644897 3.23814189434 0.738923370838 0.728070318699 1.11695897579 0.0 2.23200750351 0.509969115257 -0.14732003212 0.796690713614 0.565310001373 0.00517416000366 1.07981592417 5.01589113474 1.71765780449 0.763803977519 0 0
 1.85507899523 3.08664190769 0.919576644897 3.23814189434 0.738923370838 0.728070318699 1.11695897579 0.0 2.23200750351 -0.14732003212 0.796690713614 0.565310001373 0.00517416000366 1.07981592417 5.01589113474 1.71765780449 0.763803977519 0 0 1.8513661027
 1.85892671347 3.08664190769 0.919576644897 3.23814189434 0.738923370838 0.728070318699 1.11695897579 0.0 2.23200750351 -0.14732003212 0.796690713614 0.565310001373 0.00517416000366 1.07981592417 5.01589113474 1.71765780449 0.763803977519 0 0 1.8513661027
 1.85892671347 3.08664190769 0.935104489326 3.23814189434 0.738923370838 0.728070318699 1.11695897579 0.0 2.23200750351 -0.14732003212 0.796690713614 0.565310001373 0.00517416000366 1.07981592417 5.01589113474 1.71765780449 0.763803977519 0 0 0
 1.85831356049 3.08664190769 0.935104489326 3.23814189434 0.738923370838 0.728070318699 1.11695897579 0.0 2.23200750351 -0.14732003212 0.796690713614 0.565310001373 0.00517416000366 1.07981592417 5.01589113474 1.71765780449 0.763803977519 0 0 0
 1.85831356049 3.08664190769 3.23814189434 0.738923370838 0.728070318699 1.11695897579 0.0 2.23200750351 -0.14732003212 0.123469352722 0.565310001373 0.00517416000366 1.07981592417 5.01589113474 1.71765780449 0.763803977519 0 0 0 0
 1.85831356049 3.08664190769 3.23814189434 0.738923370838 0.728070318699 1.11695897579 0.0 2.23200750351 -0.14732003212 0.123469352722 0.565310001373 0.0344896316528 1.07981592417 5.01589113474 1.71765780449 0.763803977519 0 0 0 0
 1.85831356049 3.08664190769 3.23814189434 0.738923370838 0.728070318699 1.11695897579 0.0 2.23200750351 -0.14732003212 0.123469352722 0.565310001373 1.07981592417 5.01589113474 1.71765780449 0.763803977519 0 0 0 0 0
 1.87590914965 3.08664190769 3.23814189434 0.738923370838 0.728070318699 1.11695897579 0.0 2.23200750351 -0.14732003212 0.123469352722 0.565310001373 1.07981592417 5.01589113474 1.71765780449 0.763803977519 0 0 0 0 0
 1.87590914965 3.08664190769 3.23814189434 0.738923370838 0.728070318699 1.11695897579 2.23200750351 -0.14732003212 0.123469352722 0.565310001373 1.07981592417 5.01589113474 1.71765780449 0.763803977519 0 0 0 0 -3.07317352295 0
 1.87590914965 3.08664190769 3.23814189434 0.738923370838 0.728070318699 1.11695897579 2.22888052464 -0.14732003212 0.123469352722 0.565310001373 1.07981592417 5.01589113474 1.71765780449 0.763803977519 0 0 0 0 -3.07317352295 0
 1.87590914965 3.08664190769 3.23814189434 0.738923370838 0.728070318699 1.11695897579 2.22888052464 -0.14732003212 0.123469352722 0.565310001373 1.07981592417 5.01589113474 1.71765780449 0.763803977519 0.151686131954 0 0 0 0 0
 1.85467773676 3.08664190769 3.23814189434 0.738923370838 0.728070318699 1.11695897579 2.22888052464 -0.14732003212 0.123469352722 0.565310001373 1.07981592417 5.01589113474 1.71765780449 0.763803977519 0.151686131954 0 0 0 0 0
 1.85467773676 3.08664190769 3.23814189434 0.738923370838 0.728070318699 1.11695897579 2.22888052464 -0.14732003212 0.123469352722 0.565310001373 1.07981592417 5.01589113474 1.71765780449 0.763803977519 0 0 0 0.0 0 0
 1.85467773676 3.08664190769 3.23814189434 0.738923370838 0.728070318699 1.11695897579 2.22888052464 -0.14732003212 0.123469352722 0.565310001373 1.07981592417 5.01589113474 1.71765780449 0.763803977519 0 1.91522932053 0 0.0 0 0
 1.85467773676 3.08664190769 3.23814189434 0.738923370838 0.720283508301 1.11695897579 2.22888052464 -0.14732003212 0.123469352722 0.565310001373 1.07981592417 5.01589113474 1.71765780449 0.763803977519 0 1.91522932053 0 0 0 0
 1.85467773676 3.08664190769 3.23814189434 0.738923370838 0.720283508301 1.11695897579 2.22888052464 -0.14732003212 0.123469352722 0.565310001373 1.07981592417 5.69407892227 1.71765780449 0.763803977519 0 1.91522932053 0 0 0 0
 1.85467773676 3.08664190769 3.23814189434 0.738923370838 1.11695897579 2.22888052464 -0.14732003212 0.123469352722 0.565310001373 1.07981592417 5.69407892227 1.71765780449 0.763803977519 0 0.095454454422 0 0 0 0 0
 1.85467773676 3.08664190769 3.23814189434 0.738923370838 1.11695897579 2.22888052464 -0.14732003212 0.123469352722 0.565310001373 0.641907691956 5.69407892227 1.71765780449 0.763803977519 0 0.095454454422 0 0 0 0 0
 1.85467773676 3.08664190769 3.23814189434 0.738923370838 1.11695897579 2.22888052464 -0.14732003212 0.123469352722 0.565310001373 0.641907691956 5.69407892227 1.71765780449 0.763803977519 0 0 0.00549364089966 0 0 0 0
 1.85467773676 3.08664190769 3.23814189434 0.738923370838 1.11695897579 2.22888052464 -0.14732003212 0.123469352722 0.565310001373 0.641907691956 5.69407892227 1.71765780449 0.763803977519 0 0 0.00549364089966 0 0 0 -0.183427810669
 1.85467773676 3.08664190769 3.23814189434 0.738923370838 1.11695897579 2.22888052464 -0.14732003212 0.123469352722 0.565310001373 0.641907691956 5.69407892227 1.71765780449 1.08881168067 0 0 0.00549364089966 0 0 0 0
 1.85467773676 3.08664190769 3.23814189434 0.738923370838 1.11695897579 2.22888052464 -0.0364320278168 0.123469352722 0.565310001373 0.641907691956 5.69407892227 1.71765780449 1.08881168067 0 0 0.00549364089966 0 0 0 0
 1.85467773676 3.08664190769 3.23814189434 0.738923370838 1.11695897579 2.22888052464 0.123469352722 0.346652507782 0.641907691956 5.69407892227 1.71765780449 1.08881168067 0 0 0.00549364089966 0 0 0 0 0
 1.85467773676 3.08664190769 3.23814189434 0.738923370838 1.11695897579 2.22888052464 0.123469352722 0.346652507782 0.641907691956 5.69407892227 1.71765780449 1.08881168067 0 2.29279315472 0.00549364089966 0 0 0 0 0
 1.85467773676 3.08664190769 3.23814189434 0.738923370838 1.11695897579 2.22888052464 -1.02717649937 0.641907691956 5.69407892227 1.71765780449 1.08881168067 0 2.29279315472 0.00549364089966 0 0 0 0 0 0
 1.85467773676 3.08664190769 3.23814189434 0.738923370838 1.11695897579 2.22888052464 -1.02717649937 0.641907691956 5.69407892227 1.71765780449 1.08881168067 0 2.29279315472 0.00549364089966 0 0 0 0 0 0
 1.88366091251 3.08664190769 3.23814189434 0.738923370838 1.11695897579 2.22888052464 0.641907691956 5.69407892227 1.71765780449 1.08881168067 0 2.29279315472 0.00549364089966 0 0 0 0 0 0 0
 1.88366091251 3.08664190769 3.23814189434 0.738923370838 1.11695897579 2.22888052464 0.641907691956 5.69407892227 1.71765780449 1.08881168067 0 2.29279315472 0.00549364089966 0 0 0 0 1.24556161463 0 0
 1.88366091251 3.08664190769 3.23814189434 0.738923370838 1.11695897579 2.22888052464 0.641907691956 5.49393433332 1.71765780449 1.08881168067 0 2.29279315472 0.00549364089966 0 0 0 0 0 0 0
 0.0252528190613 3.08664190769 3.23814189434 0.738923370838 1.11695897579 2.22888052464 0.641907691956 5.49393433332 1.71765780449 1.08881168067 0 2.29279315472 0.00549364089966 0 0 0 0 0 0 0
 3.08664190769 3.23814189434 0.738923370838 1.11555045843 2.22888052464 0.641907691956 5.49393433332 1.71765780449 1.08881168067 0 2.29279315472 0.00549364089966 0 0 0 0 0 0 0 0
 3.80092310905 3.23814189434 0.738923370838 1.11555045843 2.22888052464 0.641907691956 5.49393433332 1.71765780449 1.08881168067 0 2.29279315472 0.00549364089966 0 0 0 0 0 0 0 0
 3.80092310905 3.23814189434 0.738923370838 2.22888052464 0.641907691956 5.49393433332 1.71765780449 1.19877955317 0 2.29279315472 0.00549364089966 0 0 0 0 0 0 0 0 0
 3.80092310905 3.23814189434 0.738923370838 2.22888052464 0.641907691956 5.49393433332 1.71765780449 1.19877955317 0 2.29279315472 0.00549364089966 0 0 0.0406856536865 0 0 0 0 0 0
 3.80092310905 3.23814189434 0.738923370838 2.22888052464 0.641907691956 5.49393433332 1.71765780449 1.19877955317 0 2.29279315472 0.00549364089966 0 0 0 0 0 0 2.61732435226 0 0
 3.80092310905 3.23814189434 0.738923370838 2.22888052464 0.641907691956 5.49393433332 1.71765780449 1.19877955317 0 2.29279315472 0.00549364089966 0 0 0.213234901428 0 0 0 2.61732435226 0 0
 3.80092310905 3.23814189434 0.738923370838 2.22888052464 0.641907691956 5.49393433332 1.71765780449 1.19877955317 0 2.29279315472 0.00549364089966 0 0 0 0 0 -1.8550465107 0 0 0
 3.80092310905 3.23814189434 0.738923370838 2.22888052464 0.641907691956 5.49393433332 1.71765780449 1.19877955317 0 2.29279315472 0.00549364089966 0 0 0 0.73224362731 0 -1.8550465107 0 0 0
 3.80092310905 3.23814189434 0.738923370838 2.22888052464 0.641907691956 5.49393433332 1.71765780449 1.19877955317 0 2.29419887066 0.00549364089966 0 0 0 0.73224362731 0 0 0 0 0
 3.80092310905 3.23814189434 0.738923370838 2.22888052464 0.641907691956 5.49393433332 1.71765780449 1.19877955317 0 2.29419887066 0.00549364089966 0 0.0886042118073 0 0.73224362731 0 0 0 0 0
 3.80092310905 3.23814189434 0.738923370838 2.22888052464 0.641907691956 5.49393433332 1.71765780449 1.19877955317 4.15000867844 2.29419887066 0.00549364089966 0 0 0.73224362731 0 0 0 0 0 0
 3.80092310905 3.23814189434 0.738923370838 2.22888052464 0.641907691956 5.49393433332 1.71765780449 1.19877955317 4.15000867844 2.29419887066 0.00549364089966 0 0 0.73224362731 0 0 0 0 -2.1833987236 0
 3.80092310905 3.23814189434 0.738923370838 2.22888052464 0.641907691956 5.49393433332 1.71765780449 1.15930309519 4.15000867844 2.29419887066 0.00549364089966 0 0 0.73224362731 0 0 0 0 0 0
 3.80092310905 3.23814189434 0.738923370838 2.22888052464 0.641907691956 5.49393433332 1.71765780449 1.15930309519 4.15000867844 2.29419887066 0.00549364089966 0 0 0.73224362731 1.8487303257 0 0 0 0 0
 3.80092310905 3.23814189434 0.738923370838 2.22888052464 0.641907691956 5.49393433332 1.71765780449 4.15000867844 2.29419887066 0.00549364089966 0 0 0.73224362731 1.8487303257 3.44543892145 0 0 0 0 0
 3.80092310905 3.23814189434 0.738923370838 2.22888052464 0.641907691956 5.49393433332 1.71765780449 4.15000867844 2.29403877258 0.00549364089966 0 0 0.73224362731 1.8487303257 3.44543892145 0 0 0 0 0
 3.80092310905 3.23814189434 0.738923370838 2.22888052464 0.641907691956 5.24068599939 1.71765780449 4.15000867844 0.00549364089966 0 0 0.73224362731 1.8487303257 3.44543892145 0 0 0 0 0 0
 3.80092310905 3.23814189434 0.738923370838 2.22888052464 0.641907691956 5.24068599939 1.71765780449 4.15000867844 0.00549364089966 0 0 0.73224362731 1.8487303257 3.44543892145 0 0 0 0 0.505199432373 0
 3.80092310905 3.23814189434 0.738923370838 2.22888052464 0.641907691956 5.24068599939 2.22305250168 4.15000867844 0.00549364089966 0 0 0.73224362731 1.8487303257 3.44543892145 0 0 0 0 0 0
 3.80092310905 3.23814189434 0.738923370838 2.22888052464 0.740203976631 5.24068599939 2.22305250168 4.15000867844 0.00549364089966 0 0 0.73224362731 1.8487303257 3.44543892145 0 0 0 0 0 0
 3.80092310905 3.23814189434 0.738923370838 2.22888052464 5.24068599939 2.22305250168 4.15000867844 0.00549364089966 2.60991793871 0 0.73224362731 1.8487303257 3.44543892145 0 0 0 0 0 0 0
 3.80092310905 3.23814189434 0.738923370838 2.22888052464 5.24068599939 2.22305250168 4.15000867844 0.00549364089966 2.60991793871 0 -0.206313729286 1.8487303257 3.44543892145 0 0 0 0 0 0 0
 3.80092310905 3.23814189434 0.738923370838 2.22888052464 5.24068599939 2.22305250168 4.15000867844 0.00549364089966 2.60991793871 0 1.8487303257 3.44543892145 0 5.76379752159 0 0 0 0 0 0
 3.80092310905 3.23814189434 0.738923370838 2.23094642162 5.24068599939 2.22305250168 4.15000867844 0.00549364089966 2.60991793871 0 1.8487303257 3.44543892145 0 5.76379752159 0 0 0 0 0 0
 3.80092310905 3.23814189434 0.738923370838 5.24068599939 2.22305250168 4.15000867844 0.00549364089966 2.60991793871 0 1.8487303257 2.10364955664 0 5.76379752159 0 0 0 0 0 0 0
 3.80092310905 3.23814189434 0.738923370838 5.24068599939 2.22305250168 3.30744698644 0.00549364089966 2.60991793871 0 1.8487303257 2.10364955664 0 5.76379752159 0 0 0 0 0 0 0
 3.80092310905 3.23814189434 0.738923370838 5.24068599939 2.22305250168 3.30744698644 0.00549364089966 2.60991793871 0 1.8487303257 0 5.76379752159 0 0 0 0 2.34545868635 0 0 0
 3.80092310905 3.23814189434 0.738923370838 5.24068599939 0.429435968399 3.30744698644 0.00549364089966 2.60991793871 0 1.8487303257 0 5.76379752159 0 0 0 0 2.34545868635 0 0 0
 3.80092310905 3.23814189434 0.738923370838 5.24068599939 3.30744698644 0.00549364089966 2.60991793871 0 1.8487303257 1.01123808324 5.76379752159 0 0 0 0 2.34545868635 0 0 0 0
 3.80092310905 3.23814189434 0.738923370838 5.24068599939 3.30744698644 0.00549364089966 2.60991793871 0 1.8487303257 1.01123808324 5.76379752159 0 0 0.766374304891 0 2.34545868635 0 0 0 0
 3.80092310905 3.23814189434 0.738923370838 5.24068599939 3.30744698644 0.00549364089966 2.43137794733 0 1.8487303257 1.01123808324 5.76379752159 0 0 0 2.34545868635 0 0 0 0 0
 3.80092310905 3.23814189434 0.738923370838 5.24068599939 3.30744698644 0.00549364089966 2.43137794733 0 1.8487303257 1.01123808324 5.76379752159 0 0 0 2.80949741602 0 0 0 0 0
 3.80092310905 3.23814189434 0.738923370838 5.24068599939 3.30744698644 0.00549364089966 0 1.85375493765 1.01123808324 5.76379752159 0 0 0 2.80949741602 0 0 0 0 0 0
 3.80092310905 3.23814189434 0.738923370838 5.24068599939 3.30744698644 0.00549364089966 0 1.85375493765 1.01123808324 5.76379752159 0 0.742634445429 0 2.80949741602 0 0 0 0 0 0
 3.80092310905 3.23814189434 0.738923370838 7.3327409029 3.30744698644 0.00549364089966 0 1.85375493765 1.01123808324 5.76379752159 0 0 2.80949741602 0 0 0 0 0 0 0
 3.80092310905 3.23814189434 0.738923370838 7.3327409029 3.30744698644 0.0321607589722 0 1.85375493765 1.01123808324 5.76379752159 0 0 2.80949741602 0 0 0 0 0 0 0
 3.80092310905 3.23814189434 0.713985145092 7.3327409029 3.30744698644 0 1.85375493765 1.01123808324 5.76379752159 0 0 2.80949741602 0 0 0 0 0 0 0 0
 3.80092310905 3.23814189434 0.713985145092 7.3327409029 3.30744698644 0 1.85375493765 1.08203826845 5.76379752159 0 0 2.80949741602 0 0 0 0 0 0 0 0
 3.80092310905 3.23814189434 7.3327409029 3.30744698644 0 1.85375493765 1.08203826845 5.76379752159 0 0 2.80949741602 0 0 0 0 0 0 0 0 0.750581294298
 3.80092310905 3.23814189434 7.3327409029 3.30744698644 0 1.85375493765 1.08203826845 5.76379752159 0 0 2.80949741602 0 0 0 0 0 0.137682914734 0 0 0.750581294298
 3.80092310905 3.23814189434 7.3327409029 3.30744698644 0 1.85375493765 1.08203826845 5.76379752159 1.90001153946 0 2.80949741602 0 0 0 0 0 0 0 0.750581294298 0
 3.80092310905 3.23814189434 7.3327409029 3.30744698644 0 1.85375493765 1.08203826845 5.76379752159 1.90001153946 0 -0.417343378067 0 0 0 0 0 0 0 0.750581294298 0
 3.80092310905 3.23814189434 7.3327409029 3.30744698644 0 1.85375493765 1.08203826845 6.15294790268 1.90001153946 0 0 0 0 0 0 0 0 0.750581294298 0 0
 3.80092310905 3.23814189434 7.3327409029 3.30744698644 0 1.85375493765 1.08203826845 6.15294790268 1.90001153946 0 0 0 0 0 0 0 0 1.35597485304 0 0
 3.80092310905 3.23814189434 7.3327409029 3.30744698644 1.2018443346 1.85375493765 1.08203826845 6.15294790268 1.90001153946 0 0 0 0 0 0 0 0 0 0 0
 3.80092310905 3.23814189434 7.3327409029 3.30744698644 1.2018443346 1.85375493765 1.08203826845 6.15294790268 1.90001153946 0 0 0 0 -0.767689228058 0 0 0 0 0 0
 3.80092310905 3.23814189434 7.3327409029 3.30744698644 1.2018443346 1.85375493765 1.08203826845 6.15294790268 1.90001153946 0 0 0 0.501083284616 0 0 0 0 0 0 0
 3.80092310905 3.23814189434 7.3327409029 3.30744698644 1.2018443346 1.85375493765 1.08203826845 6.15294790268 1.90001153946 0 0 5.78255009651 0.501083284616 0 0 0 0 0 0 0
 3.80092310905 3.23814189434 4.82268166542 3.30744698644 1.2018443346 1.85375493765 1.08203826845 6.15294790268 1.90001153946 0 0 5.78255009651 0 0 0 0 0 0 0 0
 3.80092310905 3.23814189434 4.82268166542 3.30744698644 1.2018443346 1.85375493765 1.08203826845 6.15294790268 1.90001153946 0 0 5.78255009651 0 0 0 0 0 0 1.62054657936 0
 3.80092310905 3.23814189434 4.82268166542 3.30744698644 1.2018443346 1.85375493765 1.08203826845 6.15294790268 1.90001153946 0 0.603018164635 5.78255009651 0 0 0 0 0 0 0 0
 3.80092310905 3.23814189434 4.82268166542 3.30744698644 1.2018443346 0.0 1.08203826845 6.15294790268 1.90001153946 0 0.603018164635 5.78255009651 0 0 0 0 0 0 0 0
 3.80092310905 3.23814189434 4.82268166542 3.30744698644 0.112495660782 1.08203826845 6.15294790268 1.90001153946 0 0.603018164635 5.78255009651 0 0 0 0 0 0 0 0 0
 3.80092310905 3.23814189434 4.82268166542 3.30744698644 0.112495660782 1.08203826845 6.15294790268 1.90001153946 0 0.603018164635 5.78255009651 0 0 0 0 0 0 0 0 1.02077972889
 3.80092310905 3.23814189434 4.82268166542 3.30744698644 1.08203826845 6.15294790268 1.90001153946 0 0.603018164635 5.78255009651 0 0 0 0 0 0 0 8.12549817562 1.02077972889 0
 3.80092310905 3.23814189434 4.82268166542 3.30744698644 1.08203826845 6.15294790268 1.90001153946 0 0.945747256279 5.78255009651 0 0 0 0 0 0 0 8.12549817562 1.02077972889 0
 3.80092310905 3.23814189434 4.82268166542 3.30744698644 1.08203826845 6.15294790268 1.90001153946 0 5.78255009651 0 0 0 0 0 0 0 8.12549817562 1.0777130127 0 0
 3.80092310905 0.00665640830994 4.82268166542 3.30744698644 1.08203826845 6.15294790268 1.90001153946 0 5.78255009651 0 0 0 0 0 0 0 8.12549817562 1.0777130127 0 0
 3.80092310905 4.82268166542 3.30744698644 1.13297182322 6.15294790268 1.90001153946 0 5.78255009651 0 0 0 0 0 0 0 8.12549817562 1.0777130127 0 0 0
 3.80092310905 4.82268166542 3.30744698644 1.13297182322 6.15294790268 1.90001153946 0 5.78255009651 0 0 0 0 0 0 0 8.12549817562 1.0777130127 0 0 0.955070927739
 3.80092310905 4.82268166542 3.30744698644 1.13297182322 6.15294790268 1.90001153946 0 5.78255009651 0 0 0 0 0 5.23379015923 0 8.12549817562 1.0777130127 0 0 0
 3.80092310905 4.82268166542 3.30744698644 1.13297182322 6.15294790268 1.90001153946 0 5.78255009651 0 0 0 0 0 5.23379015923 0 8.12549817562 0.0112519264221 0 0 0
 3.80092310905 4.82268166542 3.30744698644 1.13297182322 6.15294790268 1.90001153946 0 5.78255009651 0 0 0 0 -0.00118446350098 5.23379015923 0 8.12549817562 0 0 0 0
 3.80092310905 4.82268166542 3.30744698644 1.13297182322 6.15294790268 1.90001153946 0 5.62959432602 0 0 0 0 -0.00118446350098 5.23379015923 0 8.12549817562 0 0 0 0
 3.80092310905 4.82268166542 3.30744698644 1.13297182322 6.15294790268 1.90001153946 0 5.62959432602 0 0 0 0 5.26879549026 0 8.12549817562 0 0 0 0 0
 3.80092310905 4.82268166542 -0.627131700516 1.13297182322 6.15294790268 1.90001153946 0 5.62959432602 0 0 0 0 5.26879549026 0 8.12549817562 0 0 0 0 0
 3.80092310905 4.82268166542 1.13297182322 6.15294790268 1.90001153946 0 6.30309891701 0 0 0 0 5.26879549026 0 8.12549817562 0 0 0 0 0 0
 3.80092310905 4.82268166542 1.13297182322 6.15294790268 1.90001153946 0 6.30309891701 0 0 0 0 5.26879549026 0 6.21512293816 0 0 0 0 0 0
 3.80092310905 4.82268166542 1.13297182322 6.15294790268 1.90001153946 0 6.30309891701 0 0 0 1.83974555135 5.26879549026 0 0 0 0 0 0 0 0
 3.80092310905 4.82268166542 1.13297182322 6.15294790268 1.90001153946 0.700257539749 6.30309891701 0 0 0 1.83974555135 5.26879549026 0 0 0 0 0 0 0 0
 3.80092310905 4.82268166542 1.13297182322 6.15294790268 1.90001153946 6.30309891701 0 0 0 1.83974555135 5.26879549026 0 0 4.65253853798 0 0 0 0 0 0
 3.80092310905 4.82268166542 1.13297182322 6.15294790268 1.90001153946 6.30309891701 0 1.31349742413 0 1.83974555135 5.26879549026 0 0 4.65253853798 0 0 0 0 0 0
 3.80092310905 4.82268166542 1.13297182322 6.15294790268 1.90001153946 6.30309891701 0 6.81592440605 1.83974555135 5.26879549026 0 0 4.65253853798 0 0 0 0 0 0 0
 3.80092310905 4.82268166542 1.13297182322 6.15294790268 1.90001153946 6.30309891701 0 6.81592440605 1.83974555135 5.26879549026 1.13996505737 0 4.65253853798 0 0 0 0 0 0 0
 3.80092310905 4.82268166542 0.938009753823 6.15294790268 1.90001153946 6.30309891701 0 6.81592440605 1.83974555135 5.26879549026 0 4.65253853798 0 0 0 0 0 0 0 0
 3.80092310905 4.82268166542 0.938009753823 6.15294790268 1.90001153946 6.30309891701 0 6.81592440605 1.83974555135 5.26879549026 0 4.65253853798 0 5.21368932724 0 0 0 0 0 0
 3.80092310905 4.82268166542 6.15294790268 1.90001153946 6.30309891701 0 6.81592440605 1.83974555135 5.26879549026 0 4.65253853798 0.605224981904 5.21368932724 0 0 0 0 0 0 0
 3.80092310905 4.82268166542 4.01304912567 1.90001153946 6.30309891701 0 6.81592440605 1.83974555135 5.26879549026 0 4.65253853798 0.605224981904 5.21368932724 0 0 0 0 0 0 0
 3.80092310905 4.82268166542 4.01304912567 1.90001153946 6.30309891701 0 6.81592440605 1.83974555135 5.26879549026 0 4.65253853798 5.21368932724 3.35757046938 0 0 0 0 0 0 0
 3.80092310905 4.82268166542 4.01304912567 1.90001153946 6.30309891701 0 6.81592440605 1.83974555135 5.26879549026 0 4.65253853798 5.21368932724 3.35757046938 0 3.95086503029 0 0 0 0 0
 3.80092310905 4.82268166542 4.01304912567 1.90001153946 6.30309891701 0 6.81592440605 1.59289479256 5.26879549026 0 4.65253853798 5.21368932724 0 3.95086503029 0 0 0 0 0 0
 3.80092310905 4.82268166542 4.33080291748 1.90001153946 6.30309891701 0 6.81592440605 1.59289479256 5.26879549026 0 4.65253853798 5.21368932724 0 3.95086503029 0 0 0 0 0 0
 3.80092310905 4.82268166542 -0.761763334274 1.90001153946 6.30309891701 0 6.81592440605 5.26879549026 0 4.65253853798 5.21368932724 0 3.95086503029 0 0 0 0 0 0 0
 3.80092310905 4.82268166542 -0.761763334274 1.90001153946 6.30309891701 0 6.81592440605 5.26879549026 0 4.65253853798 5.21368932724 0 3.95086503029 0 0 0 0 0 0 -2.72053432465
 3.80092310905 4.82268166542 -0.761763334274 1.90001153946 6.30309891701 2.40172207355 6.81592440605 5.26879549026 0 4.65253853798 5.21368932724 0 3.95086503029 0 0 0 0 0 0 0
 3.80092310905 4.82268166542 -0.761763334274 1.90001153946 6.30309891701 2.40172207355 6.81592440605 5.26879549026 0 5.046033144 5.21368932724 0 3.95086503029 0 0 0 0 0 0 0
 3.80092310905 4.82268166542 -0.761763334274 1.90001153946 4.91933846474 6.81592440605 5.26879549026 0 5.046033144 5.21368932724 0 3.95086503029 0 0 0 0 0 0 0 0
 3.80092310905 4.82268166542 -0.761763334274 1.90001153946 4.91933846474 6.81592440605 5.26879549026 0 5.046033144 5.21368932724 0 3.95086503029 0 0 0 0 0 0 0 -0.379211902618
 3.80092310905 2.38327133656 -0.761763334274 1.90001153946 4.91933846474 6.81592440605 5.26879549026 0 5.046033144 5.21368932724 0 3.95086503029 0 0 0 0 0 0 0 0
 3.80092310905 2.38327133656 -0.761763334274 1.90001153946 4.91933846474 6.81592440605 5.26879549026 0.18573474884 5.046033144 5.21368932724 0 3.95086503029 0 0 0 0 0 0 0 0
 3.80092310905 2.38327133656 -0.761763334274 1.90001153946 4.91933846474 6.81592440605 5.26879549026 5.046033144 5.21368932724 0 3.95086503029 0 0 0 0 0 0 0 0 0.338875055313
 3.80092310905 2.38327133656 -0.761763334274 1.90001153946 4.91933846474 6.81592440605 5.26879549026 5.046033144 5.21368932724 5.40239429474 3.95086503029 0 0 0 0 0 0 0 0 0.338875055313
 3.80092310905 2.38327133656 -0.761763334274 1.90001153946 4.91933846474 6.81592440605 5.26879549026 5.046033144 5.21368932724 5.40239429474 3.95086503029 0 0 0 -0.0824522972107 0 0 0 0 0
 3.80092310905 2.38327133656 4.56746613979 1.90001153946 4.91933846474 6.81592440605 5.26879549026 5.046033144 5.21368932724 5.40239429474 3.95086503029 0 0 0 -0.0824522972107 0 0 0 0 0
