 -95.6366596222 -96.5879354477 -96.5933570862 -85.2687354088 -97.2063274384 -100.47228241 -63.4367198944 -89.3272504807 -93.9340491295 -94.5103359222 -93.1940059662 -99.0096340179 -95.9073629379 -96.4305744171 -93.2476053238 -81.8784790039 -98.3265295029 -95.2648715973 -93.6721248627 -96.5317564011 -91.5167765617 -96.8684997559 -97.847990036 -95.1249375343 -100.421316147 -93.2081594467 -97.3117046356 -91.8931059837 -93.8182353973 -95.3037643433
 -95.6366596222 -96.5879354477 -96.8008451462 -85.2687354088 -97.2063274384 -100.47228241 -63.4367198944 -89.3272504807 -93.9340491295 -94.5103359222 -93.1940059662 -99.0096340179 -95.9073629379 -96.4305744171 -93.2476053238 -81.8784790039 -98.3265295029 -95.2648715973 -93.6721248627 -96.5317564011 -91.5167765617 -96.8684997559 -97.847990036 -95.1249375343 -100.421316147 -93.2081594467 -97.3117046356 -91.8931059837 -93.8182353973 -95.3037643433
 -95.6366596222 -96.5879354477 -96.8008451462 -85.2687354088 -97.2063274384 -100.47228241 -63.4367198944 -89.3272504807 -93.9340491295 -94.5103359222 -93.1940059662 -99.0096340179 -95.9073629379 -96.4305744171 -93.2476053238 -81.8784790039 -98.3265295029 -95.2648715973 -93.6721248627 -96.5317564011 -91.5167765617 -96.8684997559 -97.847990036 -95.1249375343 -99.8325567245 -93.2081594467 -97.3117046356 -91.8931059837 -93.8182353973 -95.3037643433
 -95.6366596222 -96.5879354477 -96.8008451462 -85.2687354088 -97.2063274384 -100.47228241 -63.4367198944 -89.3272504807 -93.9340491295 -94.5103359222 -93.1940059662 -99.0096340179 -95.9073629379 -96.4305744171 -93.2476053238 -81.8784790039 -98.3265295029 -95.2648715973 -93.6721248627 -96.5317564011 -91.5167765617 -96.8684997559 -97.847990036 -95.1249375343 -93.2081594467 -97.3117046356 -91.5692090988 -93.8182353973 -95.3037643433 0
 -95.6366596222 -96.5879354477 -96.8008451462 -85.2687354088 -97.2063274384 -100.47228241 -63.4367198944 -89.3272504807 -93.9340491295 -94.5103359222 -93.1940059662 -99.0096340179 -95.9073629379 -96.4305744171 -93.2476053238 -81.8784790039 -98.3265295029 -95.2648715973 -93.6721248627 -86.6892778873 -91.5167765617 -96.8684997559 -97.847990036 -95.1249375343 -93.2081594467 -97.3117046356 -91.5692090988 -93.8182353973 -95.3037643433 0
 -95.6366596222 -96.5879354477 -96.8008451462 -85.2687354088 -97.2063274384 -100.47228241 -63.4367198944 -89.3272504807 -93.9340491295 -94.5103359222 -93.1940059662 -99.0096340179 -95.9073629379 -96.4305744171 -93.2476053238 -81.8784790039 -98.3265295029 -95.2648715973 -93.6721248627 -86.6892778873 -91.5167765617 -96.8684997559 -97.847990036 -95.1249375343 -93.2081594467 -97.3117046356 -93.5804033279 -95.3037643433 0 0
 -95.6366596222 -96.5879354477 -96.8008451462 -85.2687354088 -97.2063274384 -100.47228241 -63.4367198944 -89.3272504807 -93.9340491295 -94.5103359222 -93.1940059662 -99.0096340179 -95.9073629379 -96.4305744171 -93.2476053238 -81.8784790039 -98.3265295029 -95.2648715973 -93.6721248627 -86.6892778873 -94.5341997147 -96.8684997559 -97.847990036 -95.1249375343 -93.2081594467 -97.3117046356 -93.5804033279 -95.3037643433 0 0
 -95.6366596222 -96.5879354477 -96.8008451462 -85.2687354088 -97.2063274384 -100.47228241 -63.4367198944 -89.3272504807 -93.9340491295 -94.5103359222 -93.1940059662 -99.0096340179 -95.9073629379 -96.4305744171 -93.2476053238 -85.4492049217 -98.3265295029 -95.2648715973 -93.6721248627 -86.6892778873 -96.8684997559 -97.847990036 -95.1249375343 -93.2081594467 -97.3117046356 -93.5804033279 -95.3037643433 0 0 0
 -95.6366596222 -96.5879354477 -96.8008451462 -85.2687354088 -97.2063274384 -100.47228241 -63.4367198944 -89.3272504807 -93.9340491295 -94.5103359222 -93.1940059662 -99.0096340179 -95.9073629379 -96.4305744171 -93.2476053238 -85.4492049217 -98.3265295029 -95.2648715973 -93.6721248627 -86.6892778873 -96.8684997559 -103.899077415 -95.1249375343 -93.2081594467 -97.3117046356 -93.5804033279 -95.3037643433 0 0 0
 -95.6366596222 -96.5879354477 -96.8008451462 -85.2687354088 -97.2063274384 -100.47228241 -63.4367198944 -89.3272504807 -93.9340491295 -94.5103359222 -93.1940059662 -99.0096340179 -95.9073629379 -96.4305744171 -93.2476053238 -85.4492049217 -98.3265295029 -95.2648715973 -90.8181328773 -86.6892778873 -96.8684997559 -95.1249375343 -93.2081594467 -97.3117046356 -93.5804033279 -95.3037643433 0 0 0 0
 -95.6366596222 -96.5879354477 -96.8008451462 -85.2687354088 -97.2063274384 -100.47228241 -63.4367198944 -89.3272504807 -93.9340491295 -94.5103359222 -93.1940059662 -99.0096340179 -95.9073629379 -96.4305744171 -92.6474542618 -85.4492049217 -98.3265295029 -95.2648715973 -90.8181328773 -86.6892778873 -96.8684997559 -95.1249375343 -93.2081594467 -97.3117046356 -93.5804033279 -95.3037643433 0 0 0 0
 -95.6366596222 -96.5879354477 -96.8008451462 -85.2687354088 -97.2063274384 -100.47228241 -63.4367198944 -89.3272504807 -93.9340491295 -94.5103359222 -93.1940059662 -99.0096340179 -95.9073629379 -96.4305744171 -80.0992865562 -98.3265295029 -95.2648715973 -90.8181328773 -86.6892778873 -96.8684997559 -95.1249375343 -93.2081594467 -97.3117046356 -93.5804033279 -95.3037643433 0 0 0 0 0
 -95.6366596222 -96.5879354477 -96.8008451462 -85.2687354088 -97.2063274384 -100.47228241 -78.7597856522 -89.3272504807 -93.9340491295 -94.5103359222 -93.1940059662 -99.0096340179 -95.9073629379 -96.4305744171 -80.0992865562 -98.3265295029 -95.2648715973 -90.8181328773 -86.6892778873 -96.8684997559 -95.1249375343 -93.2081594467 -97.3117046356 -93.5804033279 -95.3037643433 0 0 0 0 0
 -95.6366596222 -96.5879354477 -96.8008451462 -85.2687354088 -97.2063274384 -100.47228241 -78.7597856522 -89.3272504807 -93.9340491295 -94.5103359222 -93.1940059662 -99.0096340179 -95.9073629379 -96.4305744171 -98.3265295029 -95.2648715973 -90.8181328773 -86.6892778873 -96.8684997559 -95.1249375343 -83.4303851128 -97.3117046356 -93.5804033279 -95.3037643433 0 0 0 0 0 0
 -95.6366596222 -96.5879354477 -96.8008451462 -85.2687354088 -97.2063274384 -100.47228241 -78.7597856522 -89.3272504807 -93.9340491295 -94.5103359222 -93.1940059662 -99.0096340179 -95.9073629379 -96.4305744171 -94.0647354126 -95.2648715973 -90.8181328773 -86.6892778873 -96.8684997559 -95.1249375343 -83.4303851128 -97.3117046356 -93.5804033279 -95.3037643433 0 0 0 0 0 0
 -95.6366596222 -81.9362168908 -96.8008451462 -85.2687354088 -97.2063274384 -100.47228241 -78.7597856522 -89.3272504807 -93.9340491295 -94.5103359222 -93.1940059662 -99.0096340179 -95.9073629379 -96.4305744171 -95.2648715973 -90.8181328773 -86.6892778873 -96.8684997559 -95.1249375343 -83.4303851128 -97.3117046356 -93.5804033279 -95.3037643433 0 0 0 0 0 0 0
 -95.6366596222 -81.9362168908 -96.8008451462 -85.2687354088 -97.2063274384 -100.47228241 -78.7597856522 -89.3272504807 -93.9340491295 -94.5103359222 -93.1940059662 -99.0096340179 -95.9073629379 -96.4305744171 -95.2648715973 -90.8181328773 -86.6892778873 -96.8684997559 -95.1249375343 -90.3662090302 -97.3117046356 -93.5804033279 -95.3037643433 0 0 0 0 0 0 0
 -95.6366596222 -81.9362168908 -93.5163035393 -85.2687354088 -97.2063274384 -100.47228241 -78.7597856522 -89.3272504807 -93.9340491295 -94.5103359222 -93.1940059662 -99.0096340179 -95.9073629379 -96.4305744171 -95.2648715973 -90.8181328773 -86.6892778873 -96.8684997559 -95.1249375343 -97.3117046356 -93.5804033279 -95.3037643433 0 0 0 0 0 0 0 0
 -95.6366596222 -81.9362168908 -93.5163035393 -85.2687354088 -97.2063274384 -100.47228241 -78.7597856522 -89.3272504807 -93.9340491295 -94.5103359222 -93.1940059662 -99.0096340179 -95.9073629379 -96.4305744171 -95.2648715973 -90.8181328773 -86.6892778873 -96.8684997559 -95.1249375343 -97.3117046356 -93.5804033279 -95.3037643433 0 0 -93.1719141006 0 0 0 0 0
 -95.6366596222 -81.9362168908 -85.2687354088 -97.2063274384 -100.47228241 -78.7597856522 -89.3272504807 -93.9340491295 -94.5103359222 -95.4087238312 -99.0096340179 -95.9073629379 -96.4305744171 -95.2648715973 -90.8181328773 -86.6892778873 -96.8684997559 -95.1249375343 -97.3117046356 -93.5804033279 -95.3037643433 0 0 -93.1719141006 0 0 0 0 0 0
 -95.6366596222 -81.9362168908 -85.2687354088 -97.2063274384 -100.47228241 -78.7597856522 -89.3272504807 -93.9340491295 -94.5103359222 -95.4087238312 -99.0096340179 -95.9073629379 -96.4305744171 -95.2648715973 -91.6369819641 -86.6892778873 -96.8684997559 -95.1249375343 -97.3117046356 -93.5804033279 -95.3037643433 0 0 -93.1719141006 0 0 0 0 0 0
 -95.6366596222 -81.9362168908 -85.2687354088 -97.2063274384 -100.47228241 -83.8531723022 -89.3272504807 -93.9340491295 -94.5103359222 -99.0096340179 -95.9073629379 -96.4305744171 -95.2648715973 -91.6369819641 -86.6892778873 -96.8684997559 -95.1249375343 -97.3117046356 -93.5804033279 -95.3037643433 0 0 -93.1719141006 0 0 0 0 0 0 0
 -95.6366596222 -81.9362168908 -85.2687354088 -97.2063274384 -100.47228241 -83.8531723022 -89.3272504807 -93.9340491295 -94.5103359222 -99.0096340179 -95.9073629379 -96.4305744171 -95.2648715973 -91.6369819641 -86.6892778873 -96.8684997559 -95.1249375343 -97.3117046356 -93.5804033279 -95.3037643433 -97.8097715378 0 -93.1719141006 0 0 0 0 0 0 0
 -95.6366596222 -81.9362168908 -85.2687354088 -97.2063274384 -100.47228241 -83.8531723022 -89.3272504807 -93.9340491295 -94.5103359222 -99.0096340179 -95.9073629379 -88.5525169373 -95.2648715973 -91.6369819641 -86.6892778873 -96.8684997559 -95.1249375343 -97.3117046356 -93.5804033279 -95.3037643433 0 -93.1719141006 0 0 0 0 0 0 0 0
 -95.6366596222 -81.9362168908 -85.8175768852 -97.2063274384 -100.47228241 -83.8531723022 -89.3272504807 -93.9340491295 -94.5103359222 -99.0096340179 -95.9073629379 -88.5525169373 -95.2648715973 -91.6369819641 -86.6892778873 -96.8684997559 -95.1249375343 -97.3117046356 -93.5804033279 -95.3037643433 0 -93.1719141006 0 0 0 0 0 0 0 0
 -95.6366596222 -81.9362168908 -85.8175768852 -97.2063274384 -100.47228241 -83.8531723022 -89.3272504807 -93.9340491295 -94.5103359222 -99.0096340179 -95.9073629379 -95.2648715973 -91.6369819641 -86.6892778873 -96.8684997559 -95.1249375343 -97.3117046356 -93.5804033279 -95.3037643433 0 -91.3184056282 0 0 0 0 0 0 0 0 0
 -95.6366596222 -81.9362168908 -85.8175768852 -97.2063274384 -100.47228241 -83.8531723022 -89.3272504807 -93.9340491295 -94.5103359222 -99.0096340179 -95.9073629379 -95.2648715973 -91.6369819641 -86.6892778873 -96.8684997559 -96.7550325394 -97.3117046356 -93.5804033279 -95.3037643433 0 -91.3184056282 0 0 0 0 0 0 0 0 0
 -95.6366596222 -81.9362168908 -85.8175768852 -97.2063274384 -100.47228241 -83.8531723022 -89.3272504807 -93.9340491295 -94.5103359222 -99.0096340179 -95.9073629379 -95.2648715973 -91.6369819641 -86.6892778873 -96.8684997559 -97.3117046356 -93.5804033279 -95.3037643433 0 -91.3184056282 0 0 0 0 0 0 0 -86.6632289886 0 0
 -95.6366596222 -81.9362168908 -85.8175768852 -97.2063274384 -100.47228241 -83.8531723022 -89.3272504807 -93.9340491295 -94.5103359222 -99.0096340179 -95.9073629379 -95.2648715973 -91.6369819641 -86.6892778873 -96.8684997559 -97.3117046356 -93.5804033279 -88.9144735336 0 -91.3184056282 0 0 0 0 0 0 0 -86.6632289886 0 0
 -95.6366596222 -81.9362168908 -85.8175768852 -97.2063274384 -100.47228241 -83.8531723022 -89.3272504807 -93.9340491295 -94.5103359222 -99.0096340179 -93.0684652328 -95.2648715973 -91.6369819641 -86.6892778873 -96.8684997559 -97.3117046356 -93.5804033279 0 -91.3184056282 0 0 0 0 0 0 0 -86.6632289886 0 0 0
 -95.6366596222 -81.9362168908 -85.8175768852 -97.2063274384 -100.47228241 -83.8531723022 -89.3272504807 -93.9340491295 -94.5103359222 -99.0096340179 -93.0684652328 -95.2648715973 -91.6369819641 -86.6892778873 -96.8340625763 -97.3117046356 -93.5804033279 0 -91.3184056282 0 0 0 0 0 0 0 -86.6632289886 0 0 0
 -95.6366596222 -81.9362168908 -85.8175768852 -97.2063274384 -100.47228241 -83.8531723022 -96.3972711563 -93.9340491295 -94.5103359222 -99.0096340179 -93.0684652328 -95.2648715973 -91.6369819641 -86.6892778873 -97.3117046356 -93.5804033279 0 -91.3184056282 0 0 0 0 0 0 0 -86.6632289886 0 0 0 0
 -95.6366596222 -98.6399154663 -85.8175768852 -97.2063274384 -100.47228241 -83.8531723022 -96.3972711563 -93.9340491295 -94.5103359222 -99.0096340179 -93.0684652328 -95.2648715973 -91.6369819641 -86.6892778873 -97.3117046356 -93.5804033279 0 -91.3184056282 0 0 0 0 0 0 0 -86.6632289886 0 0 0 0
 -95.6366596222 -85.8175768852 -97.2063274384 -100.47228241 -75.0913829803 -96.3972711563 -93.9340491295 -94.5103359222 -99.0096340179 -93.0684652328 -95.2648715973 -91.6369819641 -86.6892778873 -97.3117046356 -93.5804033279 0 -91.3184056282 0 0 0 0 0 0 0 -86.6632289886 0 0 0 0 0
 -95.6366596222 -85.8175768852 -97.2063274384 -100.47228241 -75.0913829803 -96.3972711563 -93.9340491295 -94.5103359222 -99.0096340179 -93.0684652328 -95.2648715973 -91.6369819641 -86.6892778873 -97.3117046356 -93.5804033279 0 -91.3184056282 0 0 -73.5817117691 0 0 0 0 -86.6632289886 0 0 0 0 0
 -95.6366596222 -85.8175768852 -97.2063274384 -100.47228241 -96.3972711563 -93.9340491295 -94.5103359222 -99.0096340179 -93.0684652328 -95.2648715973 -91.6369819641 -86.6892778873 -97.3117046356 -93.5804033279 0 -91.3184056282 0 0 -73.5817117691 0 0 0 0 -86.6632289886 0 -95.5177059174 0 0 0 0
 -95.6366596222 -85.8175768852 -97.2063274384 -100.47228241 -96.3972711563 -93.9340491295 -94.5103359222 -99.0096340179 -93.0684652328 -95.2648715973 -91.6369819641 -86.6892778873 -97.3117046356 -93.5804033279 0 -91.3184056282 0 -91.1141672134 -73.5817117691 0 0 0 0 -86.6632289886 0 -95.5177059174 0 0 0 0
 -95.6366596222 -85.8175768852 -97.2063274384 -100.47228241 -96.3972711563 -93.9340491295 -94.5103359222 -99.0096340179 -93.0684652328 -95.2648715973 -91.6369819641 -86.6892778873 -97.3117046356 -93.5804033279 0 -91.3184056282 0 -91.1141672134 -73.5817117691 0 0 -93.957654953 0 -86.6632289886 0 0 0 0 0 0
 -95.6366596222 -85.8175768852 -97.2063274384 -100.47228241 -96.3972711563 -93.9340491295 -94.5103359222 -99.0096340179 -93.0684652328 -95.2648715973 -91.2285852432 -86.6892778873 -97.3117046356 -93.5804033279 0 -91.3184056282 0 -91.1141672134 -73.5817117691 0 0 -93.957654953 0 -86.6632289886 0 0 0 0 0 0
 -95.6366596222 -85.8175768852 -97.2063274384 -100.47228241 -96.3972711563 -93.9340491295 -94.5103359222 -99.0096340179 -93.0684652328 -95.2648715973 -91.2285852432 -86.6892778873 -97.3117046356 -93.5804033279 -100.973039627 -91.3184056282 0 -91.1141672134 -73.5817117691 0 0 0 -86.6632289886 0 0 0 0 0 0 0
 -95.6366596222 -85.8175768852 -92.6324372292 -100.47228241 -96.3972711563 -93.9340491295 -94.5103359222 -99.0096340179 -93.0684652328 -95.2648715973 -91.2285852432 -86.6892778873 -97.3117046356 -93.5804033279 -100.973039627 -91.3184056282 0 -91.1141672134 -73.5817117691 0 0 0 -86.6632289886 0 0 0 0 0 0 0
 -95.6366596222 -85.8175768852 -92.6324372292 -100.47228241 -96.3972711563 -93.9340491295 -94.5103359222 -99.0096340179 -93.0684652328 -95.2648715973 -91.2285852432 -86.6892778873 -97.3117046356 -93.5804033279 -91.3184056282 0 -91.1141672134 -73.5817117691 0 -110.866693497 0 -86.6632289886 0 0 0 0 0 0 0 0
 -95.6366596222 -85.8175768852 -92.6324372292 -100.47228241 -96.3972711563 -93.9340491295 -94.5103359222 -99.0096340179 -93.0684652328 -95.2648715973 -91.2285852432 -86.6892778873 -97.3117046356 -93.5804033279 -91.3184056282 0 -91.1141672134 -73.5817117691 0 -110.866693497 0 -86.6632289886 0 -78.725997448 0 0 0 0 0 0
 -95.6366596222 -85.8175768852 -92.6324372292 -100.47228241 -96.3972711563 -93.9340491295 -94.5103359222 -99.0096340179 -93.0684652328 -95.2648715973 -91.2285852432 -86.6892778873 -97.3117046356 -93.5804033279 -91.3184056282 0 -91.1141672134 -73.5817117691 0 0 -86.6632289886 -86.3242444992 -78.725997448 0 0 0 0 0 0 0
 -95.6366596222 -85.8175768852 -92.6324372292 -100.47228241 -96.3972711563 -93.9340491295 -94.5103359222 -99.0096340179 -93.0684652328 -95.2648715973 -91.2285852432 -86.6892778873 -97.3117046356 -93.5804033279 -91.3184056282 0 -91.4965400696 -73.5817117691 0 0 -86.6632289886 -86.3242444992 -78.725997448 0 0 0 0 0 0 0
 -95.6366596222 -85.8175768852 -92.6324372292 -100.47228241 -96.3972711563 -93.9340491295 -94.5103359222 -99.0096340179 -93.0684652328 -95.2648715973 -91.2285852432 -86.6892778873 -97.3117046356 -88.9152560234 -91.3184056282 0 -73.5817117691 0 0 -86.6632289886 -86.3242444992 -78.725997448 0 0 0 0 0 0 0 0
 -95.6366596222 -85.8175768852 -92.6324372292 -100.47228241 -96.3972711563 -93.9340491295 -94.5103359222 -99.0096340179 -93.0684652328 -95.2648715973 -91.2285852432 -86.6892778873 -97.3117046356 -88.9152560234 -91.3184056282 0 -73.5817117691 0 0 -86.6632289886 -86.3242444992 -78.725997448 0 0 0 0 -92.7120113373 0 0 0
 -95.6366596222 -85.8175768852 -92.6324372292 -100.47228241 -96.3972711563 -93.9340491295 -94.5103359222 -99.0096340179 -93.0684652328 -95.2648715973 -91.2285852432 -86.6892778873 -97.3117046356 -88.9152560234 -91.3184056282 0 -73.5817117691 0 0 -81.6259999275 -86.3242444992 -78.725997448 0 0 0 0 0 0 0 0
 -95.6366596222 -85.8175768852 -92.6324372292 -100.47228241 -96.3972711563 -93.9340491295 -94.5103359222 -99.0096340179 -93.0684652328 -95.2648715973 -91.2285852432 -86.6892778873 -97.3117046356 -85.2079176903 -91.3184056282 0 -73.5817117691 0 0 -81.6259999275 -86.3242444992 -78.725997448 0 0 0 0 0 0 0 0
 -95.6366596222 -85.8175768852 -92.6324372292 -100.47228241 -96.3972711563 -93.9340491295 -94.5103359222 -99.0096340179 -93.0684652328 -95.2648715973 -97.637804985 -86.6892778873 -97.3117046356 -91.3184056282 0 -73.5817117691 0 0 -81.6259999275 -86.3242444992 -78.725997448 0 0 0 0 0 0 0 0 0
 -95.6366596222 -85.8175768852 -92.6324372292 -100.47228241 -96.3972711563 -93.9340491295 -94.5103359222 -99.0096340179 -93.0684652328 -95.2648715973 -97.637804985 -86.6892778873 -97.3117046356 -93.0597705841 0 -73.5817117691 0 0 -81.6259999275 -86.3242444992 -78.725997448 0 0 0 0 0 0 0 0 0
 -95.6366596222 -85.8175768852 -92.6324372292 -100.47228241 -96.3972711563 -93.9340491295 -94.5103359222 -99.0096340179 -93.0684652328 -95.2648715973 -97.9675617218 -97.3117046356 -93.0597705841 0 -73.5817117691 0 0 -81.6259999275 -86.3242444992 -78.725997448 0 0 0 0 0 0 0 0 0 0
 -95.6366596222 -85.8175768852 -92.6324372292 -100.47228241 -96.3972711563 -93.9340491295 -94.5103359222 -99.0096340179 -93.0684652328 -95.2648715973 -97.9675617218 -97.3117046356 -93.0597705841 0 -73.5817117691 0 0 -81.6259999275 -86.3242444992 -78.725997448 0 0 0 0 -100.053832531 0 0 0 0 0
 -95.6366596222 -85.8175768852 -92.6324372292 -100.47228241 -96.3972711563 -93.9340491295 -94.5103359222 -99.0096340179 -93.0684652328 -89.5418310165 -97.9675617218 -97.3117046356 -93.0597705841 0 -73.5817117691 0 0 -81.6259999275 -86.3242444992 -78.725997448 0 0 0 0 0 0 0 0 0 0
 -95.6366596222 -85.8175768852 -92.6324372292 -100.47228241 -96.3972711563 -93.9340491295 -94.5103359222 -99.0096340179 -93.0684652328 -89.5418310165 -97.9675617218 -97.3117046356 -94.4104614258 0 -73.5817117691 0 0 -81.6259999275 -86.3242444992 -78.725997448 0 0 0 0 0 0 0 0 0 0
 -95.6366596222 -85.8175768852 -92.6324372292 -100.47228241 -96.3972711563 -93.9340491295 -94.5103359222 -99.0096340179 -93.0684652328 -89.5418310165 -97.9675617218 -97.3117046356 0 -73.5817117691 0 0 -81.6259999275 -86.3242444992 -78.725997448 0 0 0 0 0 0 0 0 -96.3627090454 0 0
 -95.6366596222 -85.8175768852 -97.7381601334 -100.47228241 -96.3972711563 -93.9340491295 -94.5103359222 -99.0096340179 -93.0684652328 -89.5418310165 -97.9675617218 -97.3117046356 0 -73.5817117691 0 0 -81.6259999275 -86.3242444992 -78.725997448 0 0 0 0 0 0 0 0 -96.3627090454 0 0
 -95.6366596222 -85.8175768852 -96.9525241852 -96.3972711563 -93.9340491295 -94.5103359222 -99.0096340179 -93.0684652328 -89.5418310165 -97.9675617218 -97.3117046356 0 -73.5817117691 0 0 -81.6259999275 -86.3242444992 -78.725997448 0 0 0 0 0 0 0 0 -96.3627090454 0 0 0
 -95.6366596222 -91.4066700935 -96.9525241852 -96.3972711563 -93.9340491295 -94.5103359222 -99.0096340179 -93.0684652328 -89.5418310165 -97.9675617218 -97.3117046356 0 -73.5817117691 0 0 -81.6259999275 -86.3242444992 -78.725997448 0 0 0 0 0 0 0 0 -96.3627090454 0 0 0
 -95.6366596222 -91.4066700935 -96.3972711563 -93.9340491295 -94.5103359222 -93.8979721069 -93.0684652328 -89.5418310165 -97.9675617218 -97.3117046356 0 -73.5817117691 0 0 -81.6259999275 -86.3242444992 -78.725997448 0 0 0 0 0 0 0 0 -96.3627090454 0 0 0 0
 -95.6366596222 -91.4066700935 -96.3972711563 -93.9340491295 -94.5103359222 -93.8979721069 -93.0684652328 -89.5418310165 -97.9675617218 -97.3117046356 0 -73.5817117691 0 0 -81.6259999275 -86.3242444992 -78.725997448 0 -93.9743928909 0 0 0 0 0 0 -96.3627090454 0 0 0 0
 -95.6366596222 -91.4066700935 -96.3972711563 -93.9340491295 -94.5103359222 -93.8979721069 -93.0684652328 -89.5418310165 -97.9675617218 -97.3117046356 0 -73.5817117691 0 0 -81.6259999275 -86.3242444992 -78.725997448 0 0 0 0 0 0 0 -96.3627090454 0 0 0 -83.427980423 0
 -95.6366596222 -91.4066700935 -96.3972711563 -93.9340491295 -94.5103359222 -93.8979721069 -93.0684652328 -89.5418310165 -98.2335795164 -97.3117046356 0 -73.5817117691 0 0 -81.6259999275 -86.3242444992 -78.725997448 0 0 0 0 0 0 0 -96.3627090454 0 0 0 -83.427980423 0
 -95.6366596222 -91.4066700935 -96.3972711563 -93.9340491295 -94.5103359222 -93.8979721069 -93.0684652328 -89.5418310165 -97.3117046356 0 -73.5817117691 -95.813325882 0 -81.6259999275 -86.3242444992 -78.725997448 0 0 0 0 0 0 0 -96.3627090454 0 0 0 -83.427980423 0 0
 -95.6366596222 -91.4066700935 -96.3972711563 -93.9340491295 -94.5103359222 -93.8979721069 -93.0684652328 -89.5418310165 -97.3117046356 0 -73.5817117691 -95.813325882 0 -81.6259999275 -86.3242444992 -78.725997448 0 0 0 0 0 0 -83.169054985 -96.3627090454 0 0 0 -83.427980423 0 0
 -95.6366596222 -91.4066700935 -96.3972711563 -93.9340491295 -94.5103359222 -93.8979721069 -93.0684652328 -89.5418310165 -97.3117046356 0 -71.4777021408 0 -81.6259999275 -86.3242444992 -78.725997448 0 0 0 0 0 0 -83.169054985 -96.3627090454 0 0 0 -83.427980423 0 0 0
 -95.6366596222 -76.8588449955 -96.3972711563 -93.9340491295 -94.5103359222 -93.8979721069 -93.0684652328 -89.5418310165 -97.3117046356 0 -71.4777021408 0 -81.6259999275 -86.3242444992 -78.725997448 0 0 0 0 0 0 -83.169054985 -96.3627090454 0 0 0 -83.427980423 0 0 0
 -95.6366596222 -96.3972711563 -93.9340491295 -94.5103359222 -93.8979721069 -93.0684652328 -89.5418310165 -97.3117046356 -76.7515106201 -71.4777021408 0 -81.6259999275 -86.3242444992 -78.725997448 0 0 0 0 0 0 -83.169054985 -96.3627090454 0 0 0 -83.427980423 0 0 0 0
 -95.6366596222 -96.3972711563 -93.9340491295 -94.5103359222 -93.8979721069 -93.0684652328 -89.5418310165 -97.3117046356 -76.7515106201 -71.4777021408 0 -81.6259999275 -86.3242444992 -78.725997448 0 0 0 0 0 0 -83.169054985 -96.3627090454 0 0 0 -83.427980423 0 0 0 -81.2459716797
 -95.6366596222 -96.3972711563 -96.0611730814 -94.5103359222 -93.8979721069 -93.0684652328 -89.5418310165 -97.3117046356 -76.7515106201 -71.4777021408 0 -81.6259999275 -86.3242444992 -78.725997448 0 0 0 0 0 0 -83.169054985 -96.3627090454 0 0 0 -83.427980423 0 0 0 0
 -95.6366596222 -96.3972711563 -96.0611730814 -94.5103359222 -93.8979721069 -93.0684652328 -89.5418310165 -97.3117046356 -76.7515106201 -71.4777021408 0 -81.6259999275 -86.3242444992 -78.725997448 -93.351729393 0 0 0 0 0 -83.169054985 -96.3627090454 0 0 0 -83.427980423 0 0 0 0
 -95.6366596222 -96.3972711563 -93.1193408966 -93.8979721069 -93.0684652328 -89.5418310165 -97.3117046356 -76.7515106201 -71.4777021408 0 -81.6259999275 -86.3242444992 -78.725997448 -93.351729393 0 0 0 0 0 -83.169054985 -96.3627090454 0 0 0 -83.427980423 0 0 0 0 0
 -95.6366596222 -96.3972711563 -93.1193408966 -93.8979721069 -93.0684652328 -89.5418310165 -97.3117046356 -76.7515106201 -71.4777021408 0 -81.6259999275 -86.3242444992 -82.7422976494 -93.351729393 0 0 0 0 0 -83.169054985 -96.3627090454 0 0 0 -83.427980423 0 0 0 0 0
 -95.6366596222 -96.3972711563 -93.8979721069 -93.0684652328 -89.5418310165 -97.3117046356 -76.7515106201 -71.4777021408 0 -81.6259999275 -86.3242444992 -82.7422976494 -93.351729393 0 0 0 0 -91.6089844704 -83.169054985 -96.3627090454 0 0 0 -83.427980423 0 0 0 0 0 0
 -95.6366596222 -96.3972711563 -93.8979721069 -93.0684652328 -89.5418310165 -97.3117046356 -76.7515106201 -71.4777021408 0 -81.6259999275 -86.3242444992 -82.7422976494 -93.351729393 0 0 0 0 -91.6089844704 -83.169054985 -96.3627090454 0 0 0 -83.427980423 0 0 0 -84.2232122421 0 0
 -95.6366596222 -96.3972711563 -93.8979721069 -93.0684652328 -89.5418310165 -97.3117046356 -76.7515106201 -71.4777021408 0 -81.6259999275 -86.3242444992 -82.7422976494 -93.351729393 0 0 0 0 -83.169054985 -98.199005127 0 0 0 -83.427980423 0 0 0 -84.2232122421 0 0 0
 -95.6366596222 -97.8873605728 -93.8979721069 -93.0684652328 -89.5418310165 -97.3117046356 -76.7515106201 -71.4777021408 0 -81.6259999275 -86.3242444992 -82.7422976494 -93.351729393 0 0 0 0 -83.169054985 -98.199005127 0 0 0 -83.427980423 0 0 0 -84.2232122421 0 0 0
 -95.6366596222 -97.8873605728 -93.8979721069 -93.0684652328 -89.5418310165 -97.3117046356 -76.7515106201 -71.4777021408 0 -81.6259999275 -86.3242444992 -82.7422976494 -93.2658238411 0 0 0 0 -83.169054985 0 0 0 -83.427980423 0 0 0 -84.2232122421 0 0 0 0
 -95.6366596222 -97.8873605728 -93.8979721069 -93.0684652328 -89.5418310165 -97.3117046356 -76.7515106201 -71.4777021408 0 -81.6259999275 -87.4077558517 -82.7422976494 -93.2658238411 0 0 0 0 -83.169054985 0 0 0 -83.427980423 0 0 0 -84.2232122421 0 0 0 0
 -95.6366596222 -97.8873605728 -93.8979721069 -93.0684652328 -89.5418310165 -97.3117046356 -76.7515106201 -71.4777021408 0 -81.6259999275 -87.4077558517 -82.7422976494 0 0 0 0 -83.169054985 -95.0109891891 0 0 -83.427980423 0 0 0 -84.2232122421 0 0 0 0 0
 -97.8058176041 -97.8873605728 -93.8979721069 -93.0684652328 -89.5418310165 -97.3117046356 -76.7515106201 -71.4777021408 0 -81.6259999275 -87.4077558517 -82.7422976494 0 0 0 0 -83.169054985 -95.0109891891 0 0 -83.427980423 0 0 0 -84.2232122421 0 0 0 0 0
 -97.8873605728 -93.8979721069 -93.0684652328 -89.5418310165 -97.3117046356 -76.7515106201 -71.4777021408 0 -81.6259999275 -87.4077558517 -82.7422976494 0 0 0 -90.4077324867 -83.169054985 -95.0109891891 0 0 -83.427980423 0 0 0 -84.2232122421 0 0 0 0 0 0
 -97.8873605728 -93.8979721069 -93.0684652328 -89.5418310165 -97.3117046356 -76.7515106201 -71.4777021408 0 -81.6259999275 -87.4077558517 -82.7422976494 0 0 0 -90.4077324867 -83.169054985 -95.0109891891 0 0 -83.427980423 0 0 -78.5157237053 -84.2232122421 0 0 0 0 0 0
 -97.8873605728 -93.8979721069 -93.0684652328 -89.5418310165 -97.3117046356 -76.7515106201 -71.4777021408 0 -81.6259999275 -87.4077558517 -82.7422976494 0 0 0 -83.169054985 -95.0109891891 0 0 -83.427980423 0 0 -78.5157237053 -84.2232122421 0 0 0 0 0 -89.6163220406 0
 -97.8873605728 -93.8979721069 -93.0684652328 -89.5418310165 -97.3117046356 -76.7515106201 -71.4777021408 0 -81.6259999275 -87.4077558517 -82.7422976494 0 0 0 -83.169054985 -95.0109891891 0 0 -83.427980423 0 0 -78.5157237053 -84.2232122421 0 0 0 -95.8831987381 0 -89.6163220406 0
 -97.8873605728 -93.8979721069 -93.0684652328 -89.5418310165 -97.3117046356 -76.7515106201 -71.4777021408 0 -81.6259999275 -87.4077558517 -82.7422976494 0 0 0 -83.169054985 -95.0109891891 0 0 -83.427980423 0 -82.8079047203 -78.5157237053 -84.2232122421 0 0 0 0 -89.6163220406 0 0
 -97.8873605728 -93.8979721069 -93.0684652328 -89.5418310165 -97.3117046356 -76.7515106201 -71.4777021408 0 -81.6259999275 -87.4077558517 -80.7503557205 0 0 0 -83.169054985 -95.0109891891 0 0 -83.427980423 0 -82.8079047203 -78.5157237053 -84.2232122421 0 0 0 0 -89.6163220406 0 0
 -97.8873605728 -93.8979721069 -93.0684652328 -89.5418310165 -97.3117046356 -76.7515106201 -71.4777021408 0 -81.6259999275 -87.4077558517 -80.7503557205 0 0 0 -83.169054985 -95.0109891891 0 0 -83.427980423 0 -78.5157237053 -84.2232122421 0 0 0 0 -89.6163220406 0 0 -78.6458888054
 -97.8873605728 -93.8979721069 -93.0684652328 -89.5418310165 -97.3117046356 -76.7515106201 -71.4777021408 0 -81.6259999275 -87.4077558517 -80.7503557205 0 0 0 -83.169054985 -95.0109891891 0 0 -83.427980423 0 -78.5157237053 -84.2232122421 0 0 0 0 -102.811906338 0 0 -78.6458888054
 -97.8873605728 -93.8979721069 -93.0684652328 -89.5418310165 -97.3117046356 -76.7515106201 -71.4777021408 0 -81.6259999275 -87.4077558517 -80.7503557205 0 0 0 -83.169054985 -95.0109891891 0 0 -83.427980423 0 -78.5157237053 -84.2232122421 0 0 0 0 0 0 -74.6232728958 0
 -97.8873605728 -93.8979721069 -93.0684652328 -89.5418310165 -97.3117046356 -76.7515106201 -71.4777021408 0 -81.6259999275 -87.4077558517 -80.7503557205 0 0 0 -83.169054985 -92.1890778542 0 0 -83.427980423 0 -78.5157237053 -84.2232122421 0 0 0 0 0 0 -74.6232728958 0
 -97.8873605728 -93.8979721069 -93.0684652328 -89.5418310165 -97.3117046356 -76.7515106201 -71.4777021408 0 -81.6259999275 -87.4077558517 -80.7503557205 0 0 0 -83.169054985 0 0 -83.427980423 0 -78.5157237053 -84.2232122421 0 0 0 0 0 0 -80.0163936615 0 0
 -97.8873605728 -93.8979721069 -93.0684652328 -89.5418310165 -97.3117046356 -76.7515106201 -71.4777021408 0 -81.6259999275 -87.4077558517 -80.7503557205 0 0 0 -83.169054985 0 0 -83.427980423 0 -78.5157237053 -84.2232122421 0 0 0 0 0 -99.2151398659 -80.0163936615 0 0
 -97.8873605728 -93.8979721069 -93.0684652328 -95.8750076294 -97.3117046356 -76.7515106201 -71.4777021408 0 -81.6259999275 -87.4077558517 -80.7503557205 0 0 0 -83.169054985 0 0 -83.427980423 0 -78.5157237053 -84.2232122421 0 0 0 0 0 -80.0163936615 0 0 0
 -97.8873605728 -93.8979721069 -93.0684652328 -95.8750076294 -97.3117046356 -76.7515106201 -71.4777021408 0 -81.6259999275 -87.4077558517 -80.7503557205 0 0 0 -83.169054985 0 0 -83.427980423 0 -78.5157237053 -84.2232122421 0 0 0 0 0 -80.0163936615 -86.7959952354 0 0
 -97.8873605728 -93.8979721069 -93.0684652328 -97.3117046356 -76.7515106201 -71.4777021408 0 -81.6259999275 -87.4077558517 -80.7503557205 0 0 0 -83.169054985 0 0 -83.427980423 0 -78.5157237053 -84.2232122421 0 -87.280166626 0 0 0 -80.0163936615 -86.7959952354 0 0 0
 -97.8873605728 -93.8979721069 -93.0684652328 -97.3117046356 -76.7515106201 -71.4777021408 0 -81.6259999275 -87.4077558517 -80.7503557205 0 0 0 -83.169054985 0 0 -83.427980423 0 -80.9578614235 -84.2232122421 0 -87.280166626 0 0 0 -80.0163936615 -86.7959952354 0 0 0
 -97.8873605728 -93.8979721069 -93.0684652328 -97.3117046356 -76.7515106201 -71.4777021408 0 -81.6259999275 -87.4077558517 -80.7503557205 0 0 0 -83.169054985 0 0 -83.427980423 0 -80.9578614235 -84.2232122421 0 0 0 0 -80.0163936615 -86.7959952354 -76.0453057289 0 0 0
 -97.8873605728 -93.8979721069 -93.0684652328 -97.3117046356 -76.7515106201 -71.4777021408 0 -81.6259999275 -87.4077558517 -80.7503557205 0 0 0 -83.169054985 0 0 -83.427980423 0 -80.9578614235 -84.2232122421 0 0 0 0 -80.0163936615 -86.7959952354 -76.0453057289 0 0 -84.1418848038
 -97.8873605728 -93.8979721069 -93.0684652328 -97.3117046356 -76.7515106201 -71.4777021408 0 -81.6259999275 -87.4077558517 -80.7503557205 0 0 0 -83.169054985 0 0 -83.427980423 0 -80.9578614235 -84.2232122421 0 0 0 0 -80.0163936615 -86.7959952354 -76.0453057289 0 -78.6632461548 0
 -97.8873605728 -93.8979721069 -93.0684652328 -97.3117046356 -76.7515106201 -71.4777021408 0 -81.6259999275 -87.4077558517 -80.7503557205 0 0 0 -83.169054985 0 0 -83.427980423 0 -80.9578614235 -84.2232122421 0 0 0 0 -75.208407402 -86.7959952354 -76.0453057289 0 -78.6632461548 0
 -97.8873605728 -93.8979721069 -93.0684652328 -86.3103408813 -76.7515106201 -71.4777021408 0 -81.6259999275 -87.4077558517 -80.7503557205 0 0 0 -83.169054985 0 0 -83.427980423 0 -80.9578614235 -84.2232122421 0 0 0 0 -75.208407402 -86.7959952354 -76.0453057289 0 0 0
 -97.8873605728 -93.8979721069 -93.0684652328 -86.3103408813 -76.7515106201 -71.4777021408 0 -81.6259999275 -87.4077558517 -80.7503557205 0 0 0 -74.9029693604 0 0 -83.427980423 0 -80.9578614235 -84.2232122421 0 0 0 0 -75.208407402 -86.7959952354 -76.0453057289 0 0 0
 -97.8873605728 -93.8979721069 -93.0684652328 -76.7515106201 -71.4777021408 0 -81.6259999275 -87.4077558517 -80.7503557205 0 0 0 -74.9029693604 -104.070878506 0 -83.427980423 0 -80.9578614235 -84.2232122421 0 0 0 0 -75.208407402 -86.7959952354 -76.0453057289 0 0 0 0
 -97.8873605728 -93.8979721069 -93.0684652328 -76.7515106201 -71.4777021408 0 -81.6259999275 -87.4077558517 -80.7503557205 0 -94.0900154114 0 -74.9029693604 -104.070878506 0 -83.427980423 0 -80.9578614235 -84.2232122421 0 0 0 0 -75.208407402 -86.7959952354 -76.0453057289 0 0 0 0
 -97.8873605728 -93.8979721069 -93.0684652328 -76.7515106201 -71.4777021408 0 -81.6259999275 -87.4077558517 -80.7503557205 0 -94.0900154114 0 -74.9029693604 0 -83.427980423 0 -80.9578614235 -84.2232122421 0 0 0 0 -75.208407402 -86.7959952354 -76.0453057289 0 -77.2230696678 0 0 0
 -97.8873605728 -93.8979721069 -93.0684652328 -76.7515106201 -71.4777021408 0 -81.6259999275 -87.4077558517 -80.7503557205 0 -94.0900154114 0 -74.9029693604 0 -83.427980423 0 -80.9578614235 -84.2232122421 0 0 0 0 -75.208407402 -86.7959952354 -76.0453057289 0 -77.2230696678 0 0 -96.5787773132
 -97.8873605728 -93.8979721069 -93.0684652328 -76.7515106201 -71.4777021408 0 -81.6259999275 -87.4077558517 -80.7503557205 0 -94.0900154114 0 -74.9029693604 0 -83.427980423 0 -80.9578614235 -84.2232122421 0 0 0 -75.3494153023 -75.208407402 -86.7959952354 -76.0453057289 0 -77.2230696678 0 0 0
 -97.8873605728 -93.8979721069 -93.0684652328 -76.7515106201 -76.0355525017 0 -81.6259999275 -87.4077558517 -80.7503557205 0 -94.0900154114 0 -74.9029693604 0 -83.427980423 0 -80.9578614235 -84.2232122421 0 0 0 -75.3494153023 -75.208407402 -86.7959952354 -76.0453057289 0 -77.2230696678 0 0 0
 -97.8873605728 -93.8979721069 -93.0684652328 -76.7515106201 0 -81.6259999275 -87.4077558517 -80.7503557205 0 -94.0900154114 0 -74.9029693604 0 -83.427980423 0 -80.9578614235 -81.3432788849 0 0 0 -75.3494153023 -75.208407402 -86.7959952354 -76.0453057289 0 -77.2230696678 0 0 0 0
 -97.8873605728 -93.8979721069 -93.0684652328 -76.7515106201 0 -81.6259999275 -87.4077558517 -80.7503557205 0 -94.0900154114 0 -74.9029693604 0 -83.427980423 0 -80.9578614235 -81.3432788849 -100.481218338 0 0 -75.3494153023 -75.208407402 -86.7959952354 -76.0453057289 0 -77.2230696678 0 0 0 0
 -97.8873605728 -93.8979721069 -93.0684652328 -76.7515106201 0 -81.6259999275 -87.4077558517 -80.7503557205 0 -94.0900154114 0 -74.9029693604 0 -83.427980423 0 -80.9578614235 -93.0388784409 0 0 -75.3494153023 -75.208407402 -86.7959952354 -76.0453057289 0 -77.2230696678 0 0 0 0 0
 -97.8873605728 -93.8979721069 -93.0684652328 -76.7515106201 0 -81.6259999275 -87.5640687943 -80.7503557205 0 -94.0900154114 0 -74.9029693604 0 -83.427980423 0 -80.9578614235 -93.0388784409 0 0 -75.3494153023 -75.208407402 -86.7959952354 -76.0453057289 0 -77.2230696678 0 0 0 0 0
 -97.8873605728 -93.8979721069 -93.0684652328 -76.7515106201 0 -81.6259999275 -87.5640687943 -80.7503557205 0 -94.0900154114 0 -74.9029693604 0 -83.427980423 0 -80.9578614235 0 0 -75.3494153023 -75.208407402 -86.7959952354 -80.3128461838 0 -77.2230696678 0 0 0 0 0 0
 -97.8873605728 -93.8979721069 -93.0684652328 -86.0220618248 0 -81.6259999275 -87.5640687943 -80.7503557205 0 -94.0900154114 0 -74.9029693604 0 -83.427980423 0 -80.9578614235 0 0 -75.3494153023 -75.208407402 -86.7959952354 -80.3128461838 0 -77.2230696678 0 0 0 0 0 0
 -97.8873605728 -93.8979721069 -93.0684652328 0 -81.6259999275 -87.5640687943 -80.7503557205 0 -94.0900154114 -73.4204164743 -74.9029693604 0 -83.427980423 0 -80.9578614235 0 0 -75.3494153023 -75.208407402 -86.7959952354 -80.3128461838 0 -77.2230696678 0 0 0 0 0 0 0
 -97.8873605728 -93.8979721069 -93.0684652328 0 -81.6259999275 -87.5640687943 -80.7503557205 0 -94.0900154114 -73.4204164743 -74.9029693604 0 -83.427980423 0 -80.9578614235 0 0 -75.3494153023 -75.208407402 -86.7959952354 -80.3128461838 0 -77.2230696678 0 0 -78.8344268799 0 0 0 0
 -97.8873605728 -93.8979721069 -93.0684652328 0 -81.6259999275 -87.5640687943 -80.7503557205 0 -94.0900154114 -73.4204164743 -74.9029693604 0 -83.427980423 0 -80.9578614235 0 0 -76.0672860146 -75.208407402 -86.7959952354 -80.3128461838 0 -77.2230696678 0 0 0 0 0 0 0
 -97.8873605728 -93.8979721069 -93.0684652328 0 -81.6259999275 -87.5640687943 -80.7503557205 0 -94.0900154114 -73.4204164743 -74.9029693604 0 -83.427980423 0 -80.9578614235 0 0 -76.0672860146 -75.208407402 -86.7959952354 -80.3128461838 0 -77.2230696678 0 -84.8485207558 0 0 0 0 0
 -97.8873605728 -93.8979721069 -94.7537736893 0 -81.6259999275 -87.5640687943 -80.7503557205 0 -94.0900154114 -73.4204164743 -74.9029693604 0 -83.427980423 0 -80.9578614235 0 0 -76.0672860146 -75.208407402 -86.7959952354 -80.3128461838 0 -77.2230696678 0 0 0 0 0 0 0
 -97.8873605728 -93.8979721069 -94.7537736893 0 -81.6259999275 -87.5640687943 -80.7503557205 0 -93.4653320312 -73.4204164743 -74.9029693604 0 -83.427980423 0 -80.9578614235 0 0 -76.0672860146 -75.208407402 -86.7959952354 -80.3128461838 0 -77.2230696678 0 0 0 0 0 0 0
 -97.8873605728 -96.332649231 0 -81.6259999275 -87.5640687943 -80.7503557205 0 -93.4653320312 -73.4204164743 -74.9029693604 0 -83.427980423 0 -80.9578614235 0 0 -76.0672860146 -75.208407402 -86.7959952354 -80.3128461838 0 -77.2230696678 0 0 0 0 0 0 0 0
 -97.8873605728 -96.332649231 0 -81.6259999275 -87.5640687943 -80.7503557205 0 -93.4653320312 -73.4204164743 -74.9029693604 0 -83.427980423 -87.0047251582 -80.9578614235 0 0 -76.0672860146 -75.208407402 -86.7959952354 -80.3128461838 0 -77.2230696678 0 0 0 0 0 0 0 0
 -97.8873605728 0 -81.6259999275 -87.5640687943 -80.7503557205 0 -93.4653320312 -73.4204164743 -74.9029693604 0 -83.427980423 -87.0047251582 -80.9578614235 0 0 -78.5868048668 -75.208407402 -86.7959952354 -80.3128461838 0 -77.2230696678 0 0 0 0 0 0 0 0 0
 -97.8873605728 0 -81.6259999275 -87.5640687943 -80.7503557205 0 -93.4653320312 -73.4204164743 -74.9029693604 -90.4727540016 -83.427980423 -87.0047251582 -80.9578614235 0 0 -78.5868048668 -75.208407402 -86.7959952354 -80.3128461838 0 -77.2230696678 0 0 0 0 0 0 0 0 0
 -97.8873605728 0 -81.6259999275 -87.5640687943 -80.7503557205 0 -93.4653320312 -73.4204164743 -74.9029693604 -83.427980423 -87.0047251582 -80.9578614235 0 0 -78.5868048668 -75.208407402 -86.7959952354 -80.3128461838 0 -77.2230696678 0 0 0 0 0 -72.6925606728 0 0 0 0
 -97.8873605728 0 -81.6259999275 -87.5640687943 -80.7503557205 -87.0560531616 -93.4653320312 -73.4204164743 -74.9029693604 -83.427980423 -87.0047251582 -80.9578614235 0 0 -78.5868048668 -75.208407402 -86.7959952354 -80.3128461838 0 -77.2230696678 0 0 0 0 0 -72.6925606728 0 0 0 0
 -97.8873605728 0 -81.6259999275 -87.5640687943 -80.7503557205 -93.4653320312 -73.4204164743 -74.9029693604 -83.427980423 -87.0047251582 -80.9578614235 0 0 -78.5868048668 -75.208407402 -86.7959952354 -80.3128461838 0 -77.2230696678 0 0 0 0 0 -72.6925606728 0 0 0 -71.7548885345 0
 -97.8873605728 0 -81.6259999275 -87.5640687943 -78.4760255814 -93.4653320312 -73.4204164743 -74.9029693604 -83.427980423 -87.0047251582 -80.9578614235 0 0 -78.5868048668 -75.208407402 -86.7959952354 -80.3128461838 0 -77.2230696678 0 0 0 0 0 -72.6925606728 0 0 0 -71.7548885345 0
 -97.8873605728 0 -81.6259999275 -81.8921527863 -93.4653320312 -73.4204164743 -74.9029693604 -83.427980423 -87.0047251582 -80.9578614235 0 0 -78.5868048668 -75.208407402 -86.7959952354 -80.3128461838 0 -77.2230696678 0 0 0 0 0 -72.6925606728 0 0 0 -71.7548885345 0 0
 -97.8873605728 0 -81.6259999275 -81.8921527863 -93.4653320312 -73.4204164743 -74.9029693604 -83.427980423 -87.0047251582 -80.9578614235 0 0 -78.5868048668 -75.208407402 -86.7959952354 -80.3128461838 0 -77.2230696678 0 0 0 0 0 -72.6925606728 0 -88.4109802246 0 -71.7548885345 0 0
 -97.8873605728 0 -81.6259999275 -81.8921527863 -93.4653320312 -71.5715696812 -74.9029693604 -83.427980423 -87.0047251582 -80.9578614235 0 0 -78.5868048668 -75.208407402 -86.7959952354 -80.3128461838 0 -77.2230696678 0 0 0 0 0 -72.6925606728 0 0 -71.7548885345 0 0 0
 -97.8873605728 0 -79.9024538994 -81.8921527863 -93.4653320312 -71.5715696812 -74.9029693604 -83.427980423 -87.0047251582 -80.9578614235 0 0 -78.5868048668 -75.208407402 -86.7959952354 -80.3128461838 0 -77.2230696678 0 0 0 0 0 -72.6925606728 0 0 -71.7548885345 0 0 0
 -97.8873605728 0 -75.101467371 -93.4653320312 -71.5715696812 -74.9029693604 -83.427980423 -87.0047251582 -80.9578614235 0 0 -78.5868048668 -75.208407402 -86.7959952354 -80.3128461838 0 -77.2230696678 0 0 0 0 0 -72.6925606728 0 0 -71.7548885345 0 0 0 0
 -97.8873605728 0 -75.101467371 -93.4653320312 -71.5715696812 -74.9029693604 -83.427980423 -87.0047251582 -80.9578614235 0 0 -78.5868048668 -75.208407402 -86.7959952354 -80.3128461838 0 -77.2230696678 0 0 0 0 0 -72.6925606728 0 0 -71.7548885345 0 -82.5599315166 0 0
 -97.8873605728 0 -75.101467371 -93.4653320312 -71.5715696812 -74.9029693604 -83.427980423 -87.0047251582 -80.9578614235 0 0 -78.5868048668 -75.208407402 -86.7959952354 -80.3128461838 0 -77.2230696678 -78.7201814651 0 0 0 0 -72.6925606728 0 0 -71.7548885345 0 0 0 0
 -97.8873605728 0 -75.101467371 -93.4653320312 -71.5715696812 -74.9029693604 -77.0063090324 -87.0047251582 -80.9578614235 0 0 -78.5868048668 -75.208407402 -86.7959952354 -80.3128461838 0 -77.2230696678 -78.7201814651 0 0 0 0 -72.6925606728 0 0 -71.7548885345 0 0 0 0
 -97.8873605728 0 -75.101467371 -93.4653320312 -71.5715696812 -74.9029693604 -77.0063090324 -87.0047251582 -80.9578614235 0 0 -78.5868048668 -75.208407402 -86.7959952354 -80.3128461838 0 -77.2230696678 0 0 0 0 -72.6925606728 0 0 -71.7548885345 0 0 0 0 -88.5981001854
 -97.8873605728 0 -75.101467371 -93.4653320312 -71.5715696812 -74.9029693604 -77.0063090324 -87.0047251582 -80.9578614235 0 0 -78.5868048668 -75.208407402 -86.7959952354 -80.3128461838 0 -77.2230696678 0 0 -95.2541947365 0 -72.6925606728 0 0 -71.7548885345 0 0 0 0 -88.5981001854
 -97.8873605728 0 -75.101467371 -93.4653320312 -71.5715696812 -74.9029693604 -77.0063090324 -87.0047251582 -80.9578614235 0 0 -78.5868048668 -75.208407402 -86.7959952354 -80.3128461838 0 -77.2230696678 0 -86.4791402817 0 -72.6925606728 0 0 -71.7548885345 0 0 0 0 -88.5981001854 0
 -97.8873605728 0 -75.101467371 -93.4653320312 -71.5715696812 -74.9029693604 -77.0063090324 -87.0047251582 -80.9578614235 0 0 -78.5868048668 -75.208407402 -86.7959952354 -80.3128461838 0 -77.2230696678 0 -86.4791402817 0 -72.6925606728 0 0 -71.7548885345 0 0 -84.9138569832 0 -88.5981001854 0
 -97.8873605728 0 -75.101467371 -93.4653320312 -71.5715696812 -74.9029693604 -77.0063090324 -87.0047251582 -80.9578614235 0 0 -78.5868048668 -75.208407402 -86.7959952354 -80.3128461838 0 -77.2230696678 -71.9954032898 0 -72.6925606728 0 0 -71.7548885345 0 0 -84.9138569832 0 -88.5981001854 0 0
 -97.8873605728 0 -75.101467371 -93.4653320312 -71.5715696812 -74.9029693604 -77.0063090324 -87.0047251582 -80.9578614235 0 0 -78.5868048668 -75.208407402 -86.7959952354 -80.3128461838 0 -77.2230696678 -71.9954032898 0 -73.0026874542 0 0 -71.7548885345 0 0 -84.9138569832 0 -88.5981001854 0 0
 -97.8873605728 0 -75.101467371 -93.4653320312 -71.5715696812 -74.9029693604 -77.0063090324 -87.0047251582 -80.9578614235 0 0 -78.5868048668 -75.208407402 -86.7959952354 -80.3128461838 -74.5517082214 -77.2230696678 -71.9954032898 0 0 0 -71.7548885345 0 0 -84.9138569832 0 -88.5981001854 0 0 0
 -97.8873605728 0 -75.101467371 -93.4653320312 -77.0878190994 -74.9029693604 -77.0063090324 -87.0047251582 -80.9578614235 0 0 -78.5868048668 -75.208407402 -86.7959952354 -80.3128461838 -74.5517082214 -77.2230696678 -71.9954032898 0 0 0 -71.7548885345 0 0 -84.9138569832 0 -88.5981001854 0 0 0
 -97.8873605728 0 -75.101467371 -93.4653320312 -74.9029693604 -77.0063090324 -87.0047251582 -80.9578614235 0 0 -78.5868048668 -75.208407402 -86.7959952354 -80.3128461838 -74.5517082214 -77.2230696678 -71.9954032898 0 0 0 -71.7548885345 0 0 -84.9138569832 0 -88.5981001854 -79.79591465 0 0 0
 -97.8873605728 0 -75.101467371 -93.4653320312 -74.9029693604 -77.0063090324 -87.0047251582 -80.9578614235 0 0 -78.5868048668 -75.208407402 -86.7959952354 -80.3128461838 -74.5517082214 -77.2230696678 -71.9954032898 0 0 0 -71.7548885345 -88.0923137665 0 -84.9138569832 0 -88.5981001854 -79.79591465 0 0 0
 -97.8873605728 0 -75.101467371 -93.4653320312 -74.9029693604 -77.0063090324 -87.0047251582 -80.9578614235 0 0 -78.5868048668 -75.208407402 -88.0891842842 -80.3128461838 -74.5517082214 -77.2230696678 -71.9954032898 0 0 0 -71.7548885345 0 -84.9138569832 0 -88.5981001854 -79.79591465 0 0 0 0
 -97.8873605728 0 -75.101467371 -93.4653320312 -74.9029693604 -77.0063090324 -87.0047251582 -80.9578614235 0 0 -78.5868048668 -75.208407402 -88.0891842842 -80.3128461838 -74.5517082214 -77.2230696678 -71.9954032898 0 0 0 -71.7548885345 0 -84.9138569832 0 -88.5981001854 -87.0264391899 0 0 0 0
 -97.8873605728 0 -75.101467371 -93.4653320312 -74.9029693604 -78.7926621437 -87.0047251582 -80.9578614235 0 0 -78.5868048668 -75.208407402 -80.3128461838 -74.5517082214 -77.2230696678 -71.9954032898 0 0 0 -71.7548885345 0 -84.9138569832 0 -88.5981001854 -87.0264391899 0 0 0 0 0
 -99.1203327179 0 -75.101467371 -93.4653320312 -74.9029693604 -78.7926621437 -87.0047251582 -80.9578614235 0 0 -78.5868048668 -75.208407402 -80.3128461838 -74.5517082214 -77.2230696678 -71.9954032898 0 0 0 -71.7548885345 0 -84.9138569832 0 -88.5981001854 -87.0264391899 0 0 0 0 0
 0 -75.101467371 -93.4653320312 -74.9029693604 -78.7926621437 -87.0047251582 -80.9578614235 0 -92.1953701973 -78.5868048668 -75.208407402 -80.3128461838 -74.5517082214 -77.2230696678 -71.9954032898 0 0 0 -71.7548885345 0 -84.9138569832 0 -88.5981001854 -87.0264391899 0 0 0 0 0 0
 0 -75.101467371 -93.4653320312 -74.9029693604 -78.7926621437 -87.0047251582 -80.9578614235 0 -92.1953701973 -78.5868048668 -75.208407402 -80.3128461838 -74.5517082214 -77.2230696678 -71.9954032898 0 0 0 -73.4225096703 0 -84.9138569832 0 -88.5981001854 -87.0264391899 0 0 0 0 0 0
 0 -84.9812898636 -93.4653320312 -74.9029693604 -78.7926621437 -87.0047251582 -80.9578614235 0 -78.5868048668 -75.208407402 -80.3128461838 -74.5517082214 -77.2230696678 -71.9954032898 0 0 0 -73.4225096703 0 -84.9138569832 0 -88.5981001854 -87.0264391899 0 0 0 0 0 0 0
 0 -84.9812898636 -93.4653320312 -74.9029693604 -78.7926621437 -87.0047251582 -80.9578614235 0 -81.431810379 -75.208407402 -80.3128461838 -74.5517082214 -77.2230696678 -71.9954032898 0 0 0 -73.4225096703 0 -84.9138569832 0 -88.5981001854 -87.0264391899 0 0 0 0 0 0 0
 0 -93.4653320312 -74.9029693604 -78.7926621437 -87.0047251582 -80.9578614235 0 -81.431810379 -75.208407402 -80.3128461838 -72.4744725227 -77.2230696678 -71.9954032898 0 0 0 -73.4225096703 0 -84.9138569832 0 -88.5981001854 -87.0264391899 0 0 0 0 0 0 0 0
 0 -93.4653320312 -74.9029693604 -78.7926621437 -87.0047251582 -80.9578614235 0 -81.431810379 -75.208407402 -80.3128461838 -72.4744725227 -77.2230696678 -71.9954032898 0 0 0 -73.4225096703 -88.8175883293 -84.9138569832 0 -88.5981001854 -87.0264391899 0 0 0 0 0 0 0 0
 0 -93.4653320312 -74.9029693604 -78.7926621437 -87.0047251582 -80.9578614235 0 -81.431810379 -75.208407402 -80.3128461838 -72.4744725227 -77.2230696678 -71.9954032898 0 0 0 -73.4225096703 -84.9138569832 0 -88.5981001854 -87.0264391899 0 0 0 -74.9109544754 0 0 0 0 0
 0 -93.4653320312 -74.9029693604 -78.7926621437 -87.0047251582 -80.9578614235 0 -81.431810379 -75.208407402 -80.3128461838 -72.4744725227 -77.2230696678 -71.9954032898 0 0 0 -73.4225096703 -84.9138569832 0 -88.5981001854 -83.9214878082 0 0 0 -74.9109544754 0 0 0 0 0
 0 -93.4653320312 -74.9029693604 -78.7926621437 -87.0047251582 -80.9578614235 0 -81.431810379 -75.208407402 -80.3128461838 -72.4744725227 -77.2230696678 -71.9954032898 0 0 0 -73.4225096703 -96.6146383286 0 -88.5981001854 0 0 0 -74.9109544754 0 0 0 0 0 0
 0 -93.4653320312 -74.9029693604 -78.7926621437 -87.0047251582 -80.9578614235 0 -81.431810379 -75.208407402 -80.3128461838 -72.4744725227 -77.2230696678 -71.9954032898 0 0 0 -73.4225096703 -96.6146383286 0 -88.5981001854 -92.7809319496 0 0 -74.9109544754 0 0 0 0 0 0
 0 -93.4653320312 -74.9029693604 -78.7926621437 -92.8917021751 -80.9578614235 0 -81.431810379 -75.208407402 -80.3128461838 -72.4744725227 -77.2230696678 -71.9954032898 0 0 0 -73.4225096703 0 -88.5981001854 -92.7809319496 0 0 -74.9109544754 0 0 0 0 0 0 0
 0 -93.4653320312 -74.9029693604 -78.7926621437 -92.8917021751 -80.9578614235 0 -81.431810379 -75.208407402 -80.3128461838 -72.4744725227 -77.2230696678 -71.9954032898 0 0 0 -73.4225096703 0 -83.5087137222 -92.7809319496 0 0 -74.9109544754 0 0 0 0 0 0 0
 0 -97.513428688 -74.9029693604 -78.7926621437 -80.9578614235 0 -81.431810379 -75.208407402 -80.3128461838 -72.4744725227 -77.2230696678 -71.9954032898 0 0 0 -73.4225096703 0 -83.5087137222 -92.7809319496 0 0 -74.9109544754 0 0 0 0 0 0 0 0
 0 -97.513428688 -74.9029693604 -78.7926621437 -80.9578614235 -84.0559840202 -81.431810379 -75.208407402 -80.3128461838 -72.4744725227 -77.2230696678 -71.9954032898 0 0 0 -73.4225096703 0 -83.5087137222 -92.7809319496 0 0 -74.9109544754 0 0 0 0 0 0 0 0
 0 -74.9029693604 -78.7926621437 -80.9578614235 -84.0559840202 -87.3501496315 -75.208407402 -80.3128461838 -72.4744725227 -77.2230696678 -71.9954032898 0 0 0 -73.4225096703 0 -83.5087137222 -92.7809319496 0 0 -74.9109544754 0 0 0 0 0 0 0 0 0
 0 -74.9029693604 -78.7926621437 -80.9578614235 -84.0559840202 -87.3501496315 -75.208407402 -80.3128461838 -72.4744725227 -77.2230696678 -71.9954032898 0 0 0 -73.4225096703 0 -83.5087137222 -92.7809319496 0 -80.5481128693 -74.9109544754 0 0 0 0 0 0 0 0 0
 0 -74.9029693604 -78.7926621437 -80.9578614235 -84.0559840202 -75.208407402 -80.3128461838 -72.4744725227 -77.2230696678 -71.9954032898 0 0 0 -73.4225096703 0 -83.5087137222 -83.1080913544 0 -80.5481128693 -74.9109544754 0 0 0 0 0 0 0 0 0 0
 0 -74.9029693604 -78.7926621437 -80.9578614235 -84.0559840202 -75.208407402 -80.3128461838 -72.4744725227 -77.2230696678 -71.9954032898 0 0 0 -73.4225096703 0 -80.3174481392 -83.1080913544 0 -80.5481128693 -74.9109544754 0 0 0 0 0 0 0 0 0 0
 0 -74.9029693604 -78.7926621437 -80.9578614235 -84.0559840202 -78.6877894402 -80.3128461838 -72.4744725227 -77.2230696678 -71.9954032898 0 0 0 -73.4225096703 0 -80.3174481392 0 -80.5481128693 -74.9109544754 0 0 0 0 0 0 0 0 0 0 0
 0 -74.9029693604 -78.7926621437 -80.9578614235 -84.0559840202 -78.6877894402 -80.3128461838 -72.4744725227 -73.4228715897 -71.9954032898 0 0 0 -73.4225096703 0 -80.3174481392 0 -80.5481128693 -74.9109544754 0 0 0 0 0 0 0 0 0 0 0
 0 -74.9029693604 -78.7926621437 -80.9578614235 -84.0559840202 -80.3128461838 -72.4744725227 -73.4228715897 -71.9954032898 0 0 0 -73.4225096703 0 -80.3174481392 0 -80.5481128693 -74.9109544754 0 -86.8306059837 0 0 0 0 0 0 0 0 0 0
 0 -74.9029693604 -78.7926621437 -80.9578614235 -84.0559840202 -80.3128461838 -72.4744725227 -73.4228715897 -71.9954032898 0 0 0 -73.4225096703 0 -80.3174481392 0 -80.5481128693 -74.9109544754 0 -86.8306059837 0 0 0 0 0 0 0 -90.5553812981 0 0
 0 -74.9029693604 -78.7926621437 -80.9578614235 -84.0559840202 -80.3128461838 -72.4744725227 -73.4228715897 -71.9954032898 0 0 0 -73.4225096703 0 -80.3174481392 0 -80.5481128693 -74.9109544754 0 -86.8306059837 0 0 0 0 0 0 0 -84.9815888405 0 0
 0 -79.7926359177 -78.7926621437 -80.9578614235 -84.0559840202 -80.3128461838 -72.4744725227 -73.4228715897 -71.9954032898 0 0 0 -73.4225096703 0 -80.3174481392 0 -80.5481128693 -74.9109544754 0 -86.8306059837 0 0 0 0 0 0 0 -84.9815888405 0 0
 0 -79.7926359177 -78.7926621437 -80.9578614235 -84.0559840202 -80.3128461838 -72.4744725227 -73.4228715897 -71.9954032898 0 0 0 -73.4225096703 0 -80.3174481392 -70.2706675529 -80.5481128693 -74.9109544754 0 -86.8306059837 0 0 0 0 0 0 0 0 0 0
 0 -79.7926359177 -78.7926621437 -80.9578614235 -84.0559840202 -80.3128461838 -72.4744725227 -73.4228715897 -71.9954032898 -77.0383806229 0 0 -73.4225096703 0 -80.3174481392 -70.2706675529 -80.5481128693 -74.9109544754 0 -86.8306059837 0 0 0 0 0 0 0 0 0 0
 0 -79.7926359177 -78.7926621437 -80.9578614235 -84.0559840202 -80.3128461838 -72.4744725227 -73.4228715897 -71.9954032898 0 0 -73.4225096703 0 -80.3174481392 -70.2706675529 -65.9631108418 -74.9109544754 0 -86.8306059837 0 0 0 0 0 0 0 0 0 0 0
 0 -79.7926359177 -78.7926621437 -80.9578614235 -84.0559840202 -80.3128461838 -72.4744725227 -73.4228715897 -71.9954032898 0 0 -73.4225096703 0 -80.3174481392 -70.2706675529 -65.9631108418 -74.9109544754 -76.8394856453 -86.8306059837 0 0 0 0 0 0 0 0 0 0 0
 0 -79.7926359177 -78.7926621437 -80.9578614235 -84.0559840202 -80.3128461838 -72.4744725227 -73.4228715897 -71.9954032898 0 0 -73.4225096703 0 -80.3174481392 -70.2706675529 -65.9631108418 -74.9109544754 -86.8306059837 0 0 0 0 0 0 0 0 0 -72.3071658611 0 0
 0 -79.7926359177 -78.7926621437 -75.4448604584 -84.0559840202 -80.3128461838 -72.4744725227 -73.4228715897 -71.9954032898 0 0 -73.4225096703 0 -80.3174481392 -70.2706675529 -65.9631108418 -74.9109544754 -86.8306059837 0 0 0 0 0 0 0 0 0 -72.3071658611 0 0
 0 -79.7926359177 -78.7926621437 -84.0559840202 -80.3128461838 -72.4744725227 -73.4228715897 -71.9954032898 0 0 -73.4225096703 0 -80.3174481392 -70.2706675529 -65.9631108418 -74.9109544754 -86.8306059837 0 -90.7539377213 0 0 0 0 0 0 0 -72.3071658611 0 0 0
 0 -79.7926359177 -78.7926621437 -84.0559840202 -80.3128461838 -72.4744725227 -73.4228715897 -71.9954032898 0 0 -73.4225096703 0 -80.3174481392 -70.2706675529 -65.9631108418 -83.6694164276 -86.8306059837 0 -90.7539377213 0 0 0 0 0 0 0 -72.3071658611 0 0 0
 0 -79.7926359177 -78.7926621437 -84.0559840202 -80.3128461838 -72.4744725227 -73.4228715897 -71.9954032898 0 0 -73.4225096703 0 -80.3174481392 -70.2706675529 -65.9631108418 -83.6694164276 -86.8306059837 0 0 0 0 0 0 0 0 -72.3071658611 0 -80.3655405045 0 0
 0 -79.7926359177 -78.7926621437 -84.0559840202 -80.3128461838 -72.4744725227 -73.4228715897 -71.9954032898 0 0 -73.4225096703 0 -80.3174481392 -70.2706675529 -65.9631108418 -83.6694164276 -86.8306059837 0 0 0 0 0 0 0 0 -73.3280520439 0 -80.3655405045 0 0
 0 -79.7926359177 -78.7926621437 -84.0559840202 -80.3128461838 -72.4744725227 -73.4228715897 -71.9954032898 0 0 -73.4225096703 0 -80.3174481392 -70.2706675529 -65.9631108418 -83.6694164276 -73.8694181442 0 0 0 0 0 0 0 0 -73.3280520439 0 0 0 0
 0 -79.7926359177 -78.7926621437 -84.0559840202 -80.3128461838 -72.4744725227 -73.4228715897 -71.9954032898 0 0 -73.4225096703 0 -84.7886929512 -70.2706675529 -65.9631108418 -83.6694164276 -73.8694181442 0 0 0 0 0 0 0 0 -73.3280520439 0 0 0 0
 0 -79.7926359177 -78.7926621437 -84.0559840202 -80.3128461838 -72.4744725227 -73.4228715897 -71.9954032898 0 0 -73.4225096703 0 -70.2706675529 -65.9631108418 -83.6694164276 -73.8694181442 0 0 -84.5276889801 0 0 0 0 0 -73.3280520439 0 0 0 0 0
 0 -79.7926359177 -78.7926621437 -84.0559840202 -80.3128461838 -72.4744725227 -73.4228715897 -71.9954032898 0 0 -73.4225096703 0 -70.2706675529 -65.9631108418 -83.6694164276 -73.8694181442 0 -86.7520256042 -84.5276889801 0 0 0 0 0 -73.3280520439 0 0 0 0 0
 0 -79.7926359177 -78.7926621437 -84.0559840202 -80.3128461838 -72.4744725227 -73.4228715897 -71.9954032898 0 0 -73.4225096703 0 -70.2706675529 -91.7166061401 -83.6694164276 -73.8694181442 0 -84.5276889801 0 0 0 0 0 -73.3280520439 0 0 0 0 0 0
 0 -79.7926359177 -78.7926621437 -76.2405562401 -80.3128461838 -72.4744725227 -73.4228715897 -71.9954032898 0 0 -73.4225096703 0 -70.2706675529 -91.7166061401 -83.6694164276 -73.8694181442 0 -84.5276889801 0 0 0 0 0 -73.3280520439 0 0 0 0 0 0
 0 -79.7926359177 -78.7926621437 -76.2405562401 -80.3128461838 -72.4744725227 -73.4228715897 -71.9954032898 0 0 -73.4225096703 0 -70.2706675529 -83.6694164276 -73.8694181442 0 -84.5276889801 -103.355074883 0 0 0 0 -73.3280520439 0 0 0 0 0 0 0
 0 -79.7926359177 -78.7926621437 -76.2405562401 -80.3128461838 -72.4744725227 -73.4228715897 -71.9954032898 0 0 -73.4225096703 0 -70.2706675529 -83.6694164276 -73.8694181442 0 -84.5276889801 -103.355074883 0 0 -74.8295278549 0 -73.3280520439 0 0 0 0 0 0 0
 0 -79.7926359177 -78.7926621437 -76.2405562401 -80.3128461838 -72.4744725227 -73.4228715897 -71.9954032898 0 0 -73.4225096703 0 -70.2706675529 -83.6694164276 -73.8694181442 0 -84.5276889801 0 0 -73.2172446251 0 -73.3280520439 0 0 0 0 0 0 0 0
 0 -79.7926359177 -78.7926621437 -83.1356134415 -80.3128461838 -72.4744725227 -73.4228715897 -71.9954032898 0 0 -73.4225096703 0 -70.2706675529 -83.6694164276 -73.8694181442 0 -84.5276889801 0 0 -73.2172446251 0 -73.3280520439 0 0 0 0 0 0 0 0
 0 -79.7926359177 -78.7926621437 -80.3128461838 -72.4744725227 -73.4228715897 -71.9954032898 0 0 -73.4225096703 0 -70.2706675529 -83.6694164276 -73.8694181442 0 -84.5276889801 0 0 -73.2172446251 0 -73.3280520439 0 0 0 0 0 -82.1823210716 0 0 0
 0 -79.7926359177 -78.7926621437 -80.3128461838 -72.4744725227 -73.4228715897 -71.9954032898 0 0 -73.4225096703 0 -70.2706675529 -83.6694164276 -73.8694181442 0 -84.5276889801 0 0 -73.2172446251 0 -73.3280520439 0 -102.523404121 0 0 0 -82.1823210716 0 0 0
 0 -79.7926359177 -78.7926621437 -80.3128461838 -72.4744725227 -73.4228715897 -71.9954032898 0 0 -75.6950497627 0 -70.2706675529 -83.6694164276 -73.8694181442 0 -84.5276889801 0 0 -73.2172446251 0 -73.3280520439 0 0 0 0 -82.1823210716 0 0 0 0
 0 -79.7926359177 -78.7926621437 -80.3128461838 -72.4744725227 -77.3411207199 -71.9954032898 0 0 -75.6950497627 0 -70.2706675529 -83.6694164276 -73.8694181442 0 -84.5276889801 0 0 -73.2172446251 0 -73.3280520439 0 0 0 0 -82.1823210716 0 0 0 0
 0 -79.7926359177 -81.7777400017 -80.3128461838 -72.4744725227 -71.9954032898 0 0 -75.6950497627 0 -70.2706675529 -83.6694164276 -73.8694181442 0 -84.5276889801 0 0 -73.2172446251 0 -73.3280520439 0 0 0 0 -82.1823210716 0 0 0 0 0
 -99.2760004997 -79.7926359177 -81.7777400017 -80.3128461838 -72.4744725227 -71.9954032898 0 0 -75.6950497627 0 -70.2706675529 -83.6694164276 -73.8694181442 0 -84.5276889801 0 0 -73.2172446251 0 -73.3280520439 0 0 0 0 -82.1823210716 0 0 0 0 0
 -79.7926359177 -81.7777400017 -80.3128461838 -72.4744725227 -71.9954032898 0 0 -75.6950497627 0 -70.2706675529 -83.6694164276 -81.6717076302 0 -84.5276889801 0 0 -73.2172446251 0 -73.3280520439 0 0 0 0 -82.1823210716 0 0 0 0 0 0
 -79.7926359177 -81.7777400017 -80.3128461838 -72.4744725227 -71.9954032898 0 0 -75.6950497627 0 -70.2706675529 -83.6694164276 -81.6717076302 0 -84.5276889801 0 0 -73.2172446251 0 -73.3280520439 0 0 0 0 -87.5231490135 0 0 0 0 0 0
 -79.7926359177 -81.7777400017 -86.8659257889 -72.4744725227 -71.9954032898 0 0 -75.6950497627 0 -70.2706675529 -83.6694164276 -81.6717076302 0 -84.5276889801 0 0 -73.2172446251 0 -73.3280520439 0 0 0 0 0 0 0 0 0 0 0
 -73.7973160744 -81.7777400017 -86.8659257889 -72.4744725227 -71.9954032898 0 0 -75.6950497627 0 -70.2706675529 -83.6694164276 -81.6717076302 0 -84.5276889801 0 0 -73.2172446251 0 -73.3280520439 0 0 0 0 0 0 0 0 0 0 0
 -73.7973160744 -81.7777400017 -72.4744725227 -71.9954032898 0 0 -75.6950497627 0 -70.2706675529 -83.6694164276 -86.665766716 0 -84.5276889801 0 0 -73.2172446251 0 -73.3280520439 0 0 0 0 0 0 0 0 0 0 0 0
 -73.7973160744 -81.7777400017 -72.4744725227 -71.9954032898 0 0 -75.6950497627 0 -70.2706675529 -83.6694164276 -86.665766716 0 -84.5276889801 -84.9939804077 0 -73.2172446251 0 -73.3280520439 0 0 0 0 0 0 0 0 0 0 0 0
 -73.7973160744 -81.7777400017 -72.4744725227 -71.9954032898 0 0 -75.6950497627 0 -88.7546038628 -83.6694164276 0 -84.5276889801 -84.9939804077 0 -73.2172446251 0 -73.3280520439 0 0 0 0 0 0 0 0 0 0 0 0 0
 -73.7973160744 -81.7777400017 -72.4744725227 -71.9954032898 0 0 -75.6950497627 0 -88.7546038628 -83.6694164276 0 -84.5276889801 -84.9939804077 0 -73.2172446251 0 -73.3280520439 0 0 0 0 0 0 0 0 0 0 -72.3851686995 0 0
 -73.7973160744 -81.7777400017 -72.4744725227 -71.9954032898 0 0 -75.6950497627 0 -83.6694164276 0 -84.5276889801 -84.9939804077 0 -73.2172446251 0 -73.3280520439 0 0 0 0 -88.0495376587 0 0 0 0 0 -72.3851686995 0 0 0
 -73.7973160744 -81.7777400017 -72.4744725227 -71.9954032898 0 0 -75.6950497627 0 -83.6694164276 0 -84.5276889801 -84.9939804077 0 -73.2172446251 0 -73.3280520439 0 0 0 0 -88.0495376587 0 0 0 0 0 -72.3851686995 0 0 -90.4296789169
 -73.7973160744 -81.7777400017 -72.4744725227 -71.9954032898 0 0 -75.6950497627 0 -83.6694164276 0 -84.5276889801 -84.9939804077 0 -73.2172446251 0 -73.3280520439 0 -91.4040455818 0 0 -88.0495376587 0 0 0 0 0 -72.3851686995 0 0 0
 -73.7973160744 -81.7777400017 -72.4744725227 -71.9954032898 0 0 -75.6950497627 0 -83.6694164276 0 -84.5276889801 -84.9939804077 0 -73.2172446251 0 -73.3280520439 0 -91.4040455818 0 0 -88.0495376587 -80.9445295334 0 0 0 0 -72.3851686995 0 0 0
 -73.7973160744 -81.7777400017 -72.4744725227 -71.9954032898 -82.994515419 0 -75.6950497627 0 -83.6694164276 0 -84.5276889801 -84.9939804077 0 -73.2172446251 0 -73.3280520439 0 0 0 -88.0495376587 -80.9445295334 0 0 0 0 -72.3851686995 0 0 0 0
 -73.7973160744 -83.3559470177 -72.4744725227 -71.9954032898 -82.994515419 0 -75.6950497627 0 -83.6694164276 0 -84.5276889801 -84.9939804077 0 -73.2172446251 0 -73.3280520439 0 0 0 -88.0495376587 -80.9445295334 0 0 0 0 -72.3851686995 0 0 0 0
 -73.7973160744 -72.4744725227 -71.9954032898 -82.994515419 0 -75.6950497627 0 -83.6694164276 0 -84.5276889801 -74.810968399 0 -73.2172446251 0 -73.3280520439 0 0 0 -88.0495376587 -80.9445295334 0 0 0 0 -72.3851686995 0 0 0 0 0
 -73.7973160744 -72.4744725227 -71.9954032898 -82.994515419 0 -75.6950497627 0 -83.6694164276 0 -84.5276889801 -74.810968399 0 -73.2172446251 0 -73.3280520439 0 0 0 -88.0495376587 -80.9445295334 0 0 0 0 -72.3851686995 0 0 -84.8906955719 0 0
 -73.7973160744 -72.4744725227 -71.9954032898 -82.994515419 0 -75.6950497627 0 -83.6694164276 0 -84.5276889801 -74.810968399 0 -73.2172446251 -89.9136171341 -73.3280520439 0 0 0 -88.0495376587 -80.9445295334 0 0 0 0 -72.3851686995 0 0 0 0 0
 -73.7973160744 -72.4744725227 -71.9954032898 -82.994515419 0 -75.6950497627 0 -83.6694164276 0 -84.5276889801 -74.810968399 0 -73.2172446251 -89.9136171341 -73.3280520439 0 0 0 -88.0495376587 -80.9445295334 0 0 0 0 -72.3851686995 0 -85.7265338898 0 0 0
 -73.7973160744 -72.4744725227 -71.9954032898 -82.994515419 0 -75.6950497627 0 -83.6694164276 0 -84.5276889801 -74.810968399 0 -73.2172446251 -73.3280520439 -90.8894834518 0 0 -88.0495376587 -80.9445295334 0 0 0 0 -72.3851686995 0 -85.7265338898 0 0 0 0
 -73.7973160744 -72.4744725227 -71.9954032898 -82.994515419 0 -75.6950497627 0 -83.6694164276 0 -84.5276889801 -74.810968399 0 -73.2172446251 -73.3280520439 -90.8894834518 0 0 -88.0495376587 -80.9898824692 0 0 0 0 -72.3851686995 0 -85.7265338898 0 0 0 0
 -73.7973160744 -72.4744725227 -71.9954032898 -75.8833303452 0 -75.6950497627 0 -83.6694164276 0 -84.5276889801 -74.810968399 0 -73.2172446251 -73.3280520439 0 0 -88.0495376587 -80.9898824692 0 0 0 0 -72.3851686995 0 -85.7265338898 0 0 0 0 0
 -73.7973160744 -72.4744725227 -71.9954032898 -75.8833303452 0 -75.6950497627 0 -83.6694164276 0 -84.5276889801 -74.810968399 0 -73.2172446251 -73.3280520439 0 0 -77.5888895988 -80.9898824692 0 0 0 0 -72.3851686995 0 -85.7265338898 0 0 0 0 0
 -73.7973160744 -72.4744725227 -71.9954032898 -74.6328992844 0 -75.6950497627 0 -83.6694164276 0 -84.5276889801 -74.810968399 0 -73.2172446251 -73.3280520439 0 0 -80.9898824692 0 0 0 0 -72.3851686995 0 -85.7265338898 0 0 0 0 0 0
 -73.7973160744 -72.4744725227 -71.9954032898 -74.6328992844 0 -75.6950497627 0 -83.6694164276 0 -84.5276889801 -74.810968399 0 -73.2172446251 -73.3280520439 0 0 -80.9898824692 0 0 0 0 -72.3851686995 0 -85.7265338898 0 0 0 0 0 -72.7285532951
 -73.7973160744 -72.4744725227 -71.9954032898 0 -75.6950497627 0 -83.6694164276 0 -84.5276889801 -74.810968399 0 -79.6909666061 -73.3280520439 0 0 -80.9898824692 0 0 0 0 -72.3851686995 0 -85.7265338898 0 0 0 0 0 -72.7285532951 0
 -73.7973160744 -72.4744725227 -71.9954032898 0 -75.6950497627 0 -83.6694164276 0 -84.5276889801 -74.810968399 0 -79.6909666061 -73.3280520439 0 0 -80.9898824692 0 0 0 0 -72.3851686995 0 -85.7265338898 -79.4759120941 0 0 0 0 -72.7285532951 0
 -73.7973160744 -72.4744725227 -71.9954032898 0 -75.6950497627 0 -83.6694164276 0 -84.5276889801 -75.4391355515 0 -73.3280520439 0 0 -80.9898824692 0 0 0 0 -72.3851686995 0 -85.7265338898 -79.4759120941 0 0 0 0 -72.7285532951 0 0
 -73.7973160744 -72.4744725227 -71.9954032898 0 -75.6950497627 0 -83.6694164276 0 -90.7950286865 -75.4391355515 0 -73.3280520439 0 0 -80.9898824692 0 0 0 0 -72.3851686995 0 -85.7265338898 -79.4759120941 0 0 0 0 -72.7285532951 0 0
 -73.7973160744 -72.4744725227 -71.9954032898 0 -75.6950497627 0 -83.6694164276 0 -75.4391355515 0 -73.3280520439 0 0 -80.9898824692 -77.3061585426 0 0 0 -72.3851686995 0 -85.7265338898 -79.4759120941 0 0 0 0 -72.7285532951 0 0 0
 -73.7973160744 -72.4744725227 -71.9954032898 0 -75.6950497627 0 -79.1763453484 0 -75.4391355515 0 -73.3280520439 0 0 -80.9898824692 -77.3061585426 0 0 0 -72.3851686995 0 -85.7265338898 -79.4759120941 0 0 0 0 -72.7285532951 0 0 0
 -73.7973160744 -72.4744725227 -71.9954032898 0 -75.6950497627 0 0 -75.4391355515 0 -73.3280520439 0 0 -73.5440979004 -77.3061585426 0 0 0 -72.3851686995 0 -85.7265338898 -79.4759120941 0 0 0 0 -72.7285532951 0 0 0 0
 -73.7973160744 -72.4744725227 -71.9954032898 0 -72.2509407997 0 0 -75.4391355515 0 -73.3280520439 0 0 -73.5440979004 -77.3061585426 0 0 0 -72.3851686995 0 -85.7265338898 -79.4759120941 0 0 0 0 -72.7285532951 0 0 0 0
 -73.7973160744 -72.4744725227 -71.9954032898 0 -72.2509407997 0 0 -75.4391355515 -76.4688241482 -73.3280520439 0 0 -77.3061585426 0 0 0 -72.3851686995 0 -85.7265338898 -79.4759120941 0 0 0 0 -72.7285532951 0 0 0 0 0
 -73.7973160744 -72.4744725227 -71.9954032898 0 -72.2509407997 0 0 -75.4391355515 -76.4688241482 -73.3280520439 0 0 -84.8800873756 0 0 0 -72.3851686995 0 -85.7265338898 -79.4759120941 0 0 0 0 -72.7285532951 0 0 0 0 0
 -73.7973160744 -72.4744725227 -71.9954032898 0 -85.3502168655 0 0 -75.4391355515 -76.4688241482 -73.3280520439 0 0 0 0 0 -72.3851686995 0 -85.7265338898 -79.4759120941 0 0 0 0 -72.7285532951 0 0 0 0 0 0
 -73.7973160744 -72.4744725227 -71.9954032898 -101.931970119 -85.3502168655 0 0 -75.4391355515 -76.4688241482 -73.3280520439 0 0 0 0 0 -72.3851686995 0 -85.7265338898 -79.4759120941 0 0 0 0 -72.7285532951 0 0 0 0 0 0
 -73.7973160744 -72.4744725227 -71.9954032898 -85.3502168655 0 0 -75.4391355515 -76.4688241482 -73.3280520439 0 0 0 0 -83.3484296799 -72.3851686995 0 -85.7265338898 -79.4759120941 0 0 0 0 -72.7285532951 0 0 0 0 0 0 0
 -73.7973160744 -72.4744725227 -71.9954032898 -85.3502168655 -92.5796451569 0 -75.4391355515 -76.4688241482 -73.3280520439 0 0 0 0 -83.3484296799 -72.3851686995 0 -85.7265338898 -79.4759120941 0 0 0 0 -72.7285532951 0 0 0 0 0 0 0
 -73.7973160744 -72.4744725227 -71.9954032898 -85.3502168655 0 -75.4391355515 -76.4688241482 -73.3280520439 0 0 0 -79.8860800266 -83.3484296799 -72.3851686995 0 -85.7265338898 -79.4759120941 0 0 0 0 -72.7285532951 0 0 0 0 0 0 0 0
 -73.7973160744 -72.4744725227 -71.9954032898 -85.3502168655 0 -75.4391355515 -76.4688241482 -73.3280520439 0 0 0 -79.8860800266 -83.3484296799 -72.3851686995 0 -85.7265338898 -85.5739216805 0 0 0 0 -72.7285532951 0 0 0 0 0 0 0 0
 -73.7973160744 -72.4744725227 -71.9954032898 -85.3502168655 0 -75.4391355515 -82.6352448463 -73.3280520439 0 0 0 -79.8860800266 -83.3484296799 -72.3851686995 0 -85.7265338898 0 0 0 0 -72.7285532951 0 0 0 0 0 0 0 0 0
 -73.7973160744 -72.4744725227 -71.9954032898 -85.3502168655 0 -75.4391355515 -82.6352448463 -73.3280520439 0 0 0 -79.8860800266 -83.3484296799 -72.3851686995 0 -85.7265338898 0 0 0 0 -72.7285532951 0 0 0 0 0 0 0 -84.096585989 0
 -73.7973160744 -72.4744725227 -71.9954032898 -85.3502168655 0 -75.4391355515 -82.6352448463 -73.3280520439 0 0 0 -79.8860800266 -83.3484296799 -72.3851686995 0 -85.335439682 0 0 0 0 -72.7285532951 0 0 0 0 0 0 0 0 0
 -73.7973160744 -72.4744725227 -71.9954032898 -85.3502168655 0 -75.4391355515 -82.6352448463 -73.3280520439 0 0 -91.0126652718 -79.8860800266 -83.3484296799 -72.3851686995 0 -85.335439682 0 0 0 0 -72.7285532951 0 0 0 0 0 0 0 0 0
 -73.7973160744 -72.4744725227 -71.9954032898 -85.3502168655 0 -75.4391355515 -82.6352448463 -73.3280520439 0 0 -79.8860800266 -83.3484296799 -72.3851686995 0 -85.335439682 0 0 0 0 -72.7285532951 0 0 0 0 0 0 0 0 -84.716088295 0
 -73.7973160744 -72.4744725227 -71.9954032898 -85.3502168655 0 -75.4391355515 -82.6352448463 -73.3280520439 0 0 -79.8860800266 -87.7380328178 -72.3851686995 0 -85.335439682 0 0 0 0 -72.7285532951 0 0 0 0 0 0 0 0 -84.716088295 0
 -73.7973160744 -72.4744725227 -71.9954032898 -85.3502168655 0 -75.4391355515 -82.6352448463 -73.3280520439 0 0 -79.8860800266 -72.3851686995 0 -85.335439682 0 0 0 0 -72.7285532951 -82.2059621811 0 0 0 0 0 0 0 -84.716088295 0 0
 -73.7973160744 -74.4496555328 -71.9954032898 -85.3502168655 0 -75.4391355515 -82.6352448463 -73.3280520439 0 0 -79.8860800266 -72.3851686995 0 -85.335439682 0 0 0 0 -72.7285532951 -82.2059621811 0 0 0 0 0 0 0 -84.716088295 0 0
 -73.7973160744 -74.4496555328 -71.9954032898 -85.3502168655 0 -75.4391355515 -82.6352448463 -73.3280520439 0 0 -79.8860800266 -72.3851686995 0 -85.335439682 0 -79.2734241486 0 0 -72.7285532951 0 0 0 0 0 0 0 -84.716088295 0 0 0
 -73.7973160744 -74.4496555328 -71.9954032898 -85.3502168655 0 -75.4391355515 -82.6352448463 -73.3280520439 0 0 -79.8860800266 -72.3851686995 0 -85.335439682 0 -79.2734241486 0 0 -72.7285532951 0 0 0 0 0 0 0 -99.336209774 0 0 0
 -73.7973160744 -74.4496555328 -71.9954032898 -85.3502168655 0 -75.4391355515 -82.6352448463 -73.3280520439 0 0 -79.8860800266 -72.3851686995 0 -85.335439682 0 -79.2734241486 0 0 -76.3018941879 0 0 0 0 0 0 0 0 0 0 0
 -73.7973160744 -74.4496555328 -71.9954032898 -85.3502168655 0 -75.4391355515 -82.6352448463 -73.3280520439 0 0 -79.8860800266 -72.3851686995 0 -85.335439682 0 -79.2734241486 0 0 -76.3018941879 -76.1773381233 0 0 0 0 0 0 0 0 0 0
 -73.7973160744 -74.4496555328 -71.9954032898 -85.3502168655 0 -75.4391355515 -82.6352448463 -73.3280520439 0 0 -78.974881649 -72.3851686995 0 -85.335439682 0 -79.2734241486 0 0 -76.1773381233 0 0 0 0 0 0 0 0 0 0 0
 -73.7973160744 -74.4496555328 -71.9954032898 -85.3502168655 0 -75.4391355515 -82.6352448463 -73.3280520439 0 0 -78.974881649 -72.3851686995 0 -85.335439682 0 -79.2734241486 0 0 -76.1773381233 0 0 -72.0625524521 0 0 0 0 0 0 0 0
 -73.7973160744 -74.4496555328 -71.9954032898 -85.3502168655 0 -75.4391355515 -82.6352448463 -73.3280520439 0 0 -72.3851686995 0 -85.335439682 0 -79.2734241486 0 0 -76.1773381233 0 0 -73.4921312332 0 0 0 0 0 0 0 0 0
 -73.7973160744 -74.4496555328 -71.9954032898 -85.3502168655 0 -75.4391355515 -82.6352448463 -73.3280520439 0 0 -72.3851686995 0 -85.335439682 0 -79.2734241486 0 0 -76.1773381233 0 0 -73.4921312332 0 0 0 0 0 0 -84.2468357086 0 0
 -73.7973160744 -74.4496555328 -71.9954032898 -85.3502168655 0 -75.4391355515 -82.6352448463 -73.3280520439 0 0 -72.3851686995 0 -85.335439682 0 -79.2734241486 0 0 -76.1773381233 0 0 -74.2651093006 0 0 0 0 0 0 0 0 0
 -73.7973160744 -74.4496555328 -71.9954032898 -85.3502168655 0 -75.4391355515 -82.6352448463 -73.3280520439 0 0 -72.3851686995 0 -85.335439682 0 -79.2734241486 0 0 -76.1773381233 0 0 -74.2651093006 0 0 0 0 0 -75.5787782669 0 0 0
 -84.982407093 -74.4496555328 -71.9954032898 -85.3502168655 0 -75.4391355515 -82.6352448463 -73.3280520439 0 0 -72.3851686995 0 -85.335439682 0 -79.2734241486 0 0 -76.1773381233 0 0 -74.2651093006 0 0 0 0 0 0 0 0 0
 -84.982407093 -74.4496555328 -71.9954032898 -85.3502168655 0 -75.4391355515 -82.6352448463 -73.3280520439 0 0 -72.3851686995 0 -85.335439682 -85.8016028404 -79.2734241486 0 0 -76.1773381233 0 0 -74.2651093006 0 0 0 0 0 0 0 0 0
 -84.982407093 -74.4496555328 -71.9954032898 -85.3502168655 0 -75.4391355515 -82.6352448463 -73.3280520439 0 0 -72.3851686995 0 -85.335439682 -79.2734241486 0 0 -76.1773381233 0 0 -74.2651093006 0 0 0 0 0 -74.6936945915 0 0 0 0
 -84.982407093 -74.4496555328 -71.9954032898 -85.3502168655 0 -75.4391355515 -82.6352448463 -73.3280520439 0 0 -72.3851686995 0 -85.335439682 -79.2734241486 0 0 -76.1773381233 -88.5660090446 0 -74.2651093006 0 0 0 0 0 -74.6936945915 0 0 0 0
 -84.982407093 -74.4496555328 -71.9954032898 -85.3502168655 0 -84.5222687721 -82.6352448463 -73.3280520439 0 0 -72.3851686995 0 -85.335439682 -79.2734241486 0 0 -76.1773381233 0 -74.2651093006 0 0 0 0 0 -74.6936945915 0 0 0 0 0
 -84.982407093 -74.4496555328 -71.9954032898 -85.3502168655 0 -84.5222687721 -82.6352448463 -73.3280520439 0 0 -72.3851686995 0 -85.335439682 -79.2734241486 0 0 -76.1773381233 0 -74.2651093006 0 0 0 0 0 -74.6936945915 0 0 0 0 -80.1598110199
 -84.982407093 -74.4496555328 -71.9954032898 -85.3502168655 0 -82.6352448463 -73.3280520439 0 0 -72.3851686995 0 -79.4236793518 -79.2734241486 0 0 -76.1773381233 0 -74.2651093006 0 0 0 0 0 -74.6936945915 0 0 0 0 -80.1598110199 0
 -84.982407093 -74.4496555328 -71.9954032898 -85.3502168655 0 -82.6352448463 -73.3280520439 0 0 -72.3851686995 0 -79.4236793518 -79.2734241486 0 0 -76.1773381233 0 -74.2651093006 0 -82.6166744232 0 0 0 -74.6936945915 0 0 0 0 -80.1598110199 0
 -84.982407093 -74.4496555328 -71.9954032898 -85.3502168655 0 -82.6352448463 -73.3280520439 0 0 -72.3851686995 0 -79.7024290562 -79.2734241486 0 0 -76.1773381233 0 -74.2651093006 0 0 0 0 -74.6936945915 0 0 0 0 -80.1598110199 0 0
 -84.982407093 -74.4496555328 -71.9954032898 -85.3502168655 0 -82.6352448463 -73.3280520439 0 0 -72.3851686995 0 -79.7024290562 -79.2734241486 0 0 -83.2318181992 0 -74.2651093006 0 0 0 0 -74.6936945915 0 0 0 0 -80.1598110199 0 0
 -84.982407093 -74.4496555328 -71.9954032898 -85.3502168655 0 -82.6352448463 -73.3280520439 0 0 -72.3851686995 0 -79.7024290562 -79.2734241486 0 0 0 -74.2651093006 0 -80.1101546288 0 0 -74.6936945915 0 0 0 0 -80.1598110199 0 0 0
 -84.982407093 -74.4496555328 -71.9954032898 -85.3502168655 0 -82.6352448463 -71.5100297928 0 0 -72.3851686995 0 -79.7024290562 -79.2734241486 0 0 0 -74.2651093006 0 -80.1101546288 0 0 -74.6936945915 0 0 0 0 -80.1598110199 0 0 0
 -84.982407093 -74.4496555328 -71.9954032898 -85.3502168655 0 -82.6352448463 -71.5100297928 0 0 -72.3851686995 0 -79.7024290562 -79.2734241486 -84.4279708862 0 0 -74.2651093006 0 0 0 -74.6936945915 0 0 0 0 -80.1598110199 0 0 0 0
 -84.982407093 -74.4496555328 -71.9954032898 -85.3502168655 0 -82.6352448463 -71.5100297928 0 0 -72.3851686995 0 -79.7024290562 -79.2734241486 -84.4279708862 0 0 -74.2651093006 0 0 0 -74.6936945915 0 0 0 0 -80.1598110199 -78.1282887459 0 0 0
 -84.982407093 -74.4496555328 -71.9954032898 -85.3502168655 0 -82.6352448463 -71.5100297928 0 0 -72.3851686995 0 -71.9709302895 -79.2734241486 0 0 -74.2651093006 0 0 0 -74.6936945915 0 0 0 0 -80.1598110199 -78.1282887459 0 0 0 0
 -84.982407093 -74.4496555328 -71.9954032898 -85.3502168655 0 -82.6352448463 -71.5100297928 0 0 -72.3851686995 0 -71.9709302895 -79.2734241486 0 0 -74.2651093006 0 0 0 -90.5700082779 0 0 0 0 -80.1598110199 -78.1282887459 0 0 0 0
 -84.982407093 -74.4496555328 -71.9954032898 -85.3502168655 -78.152782917 -82.6352448463 -71.5100297928 0 0 -72.3851686995 0 -71.9709302895 -79.2734241486 0 0 -74.2651093006 0 0 0 0 0 0 0 -80.1598110199 -78.1282887459 0 0 0 0 0
 -84.982407093 -74.4496555328 -71.9954032898 -85.3502168655 -78.152782917 -82.6352448463 -71.5100297928 0 0 -72.3851686995 0 -71.9709302895 -79.2734241486 -77.5971951485 0 -74.2651093006 0 0 0 0 0 0 0 -80.1598110199 -78.1282887459 0 0 0 0 0
 -84.982407093 -74.4496555328 -71.9954032898 -85.3502168655 -82.6352448463 -71.5100297928 0 0 -72.3851686995 0 -71.9709302895 -79.2734241486 -77.5971951485 0 -74.2651093006 0 0 0 0 0 0 0 -80.1598110199 -78.1282887459 -80.1567115784 0 0 0 0 0
 -84.982407093 -74.4496555328 -71.9954032898 -85.3502168655 -82.6352448463 -71.5100297928 0 -101.322707176 -72.3851686995 0 -71.9709302895 -79.2734241486 -77.5971951485 0 -74.2651093006 0 0 0 0 0 0 0 -80.1598110199 -78.1282887459 -80.1567115784 0 0 0 0 0
 -84.982407093 -74.4496555328 -71.9954032898 -85.3502168655 -82.6352448463 -71.5100297928 0 -72.3851686995 0 -71.9709302895 -79.2734241486 -77.5971951485 0 -74.2651093006 0 0 0 0 0 0 0 -80.1598110199 -78.1282887459 -80.1567115784 0 0 0 -84.5498762131 0 0
 -84.982407093 -74.4496555328 -71.9954032898 -85.3502168655 -82.6352448463 -71.5100297928 0 -72.3851686995 0 -71.9709302895 -79.2734241486 -86.2543964386 0 -74.2651093006 0 0 0 0 0 0 0 -80.1598110199 -78.1282887459 -80.1567115784 0 0 0 -84.5498762131 0 0
 -84.982407093 -74.4496555328 -71.9954032898 -85.3502168655 -82.6352448463 -71.5100297928 0 -80.2359700203 0 -71.9709302895 -79.2734241486 0 -74.2651093006 0 0 0 0 0 0 0 -80.1598110199 -78.1282887459 -80.1567115784 0 0 0 -84.5498762131 0 0 0
 -84.982407093 -74.4496555328 -71.9954032898 -85.3502168655 -82.6352448463 -71.5100297928 0 -80.2359700203 0 -71.9709302895 -79.2734241486 0 -79.1521477699 0 0 0 0 0 0 0 -80.1598110199 -78.1282887459 -80.1567115784 0 0 0 -84.5498762131 0 0 0
 -84.982407093 -74.4496555328 -71.9954032898 -85.3502168655 -82.6352448463 -71.5100297928 0 0 -71.9709302895 -79.2734241486 0 -79.1521477699 0 0 0 0 0 0 0 -80.1598110199 -78.1282887459 -80.1567115784 0 0 0 -78.3800773621 0 0 0 0
 -84.982407093 -80.149479866 -71.9954032898 -85.3502168655 -82.6352448463 -71.5100297928 0 0 -71.9709302895 -79.2734241486 0 -79.1521477699 0 0 0 0 0 0 0 -80.1598110199 -78.1282887459 -80.1567115784 0 0 0 -78.3800773621 0 0 0 0
 -84.982407093 -71.9954032898 -85.3502168655 -82.6352448463 -71.5100297928 0 0 -71.9709302895 -84.1353721619 0 -79.1521477699 0 0 0 0 0 0 0 -80.1598110199 -78.1282887459 -80.1567115784 0 0 0 -78.3800773621 0 0 0 0 0
 -84.982407093 -71.9954032898 -85.3502168655 -82.6352448463 -71.5100297928 0 0 -71.9709302895 -84.1353721619 0 -79.1521477699 0 0 0 0 0 0 0 -77.2624254227 -78.1282887459 -80.1567115784 0 0 0 -78.3800773621 0 0 0 0 0
 -84.982407093 -71.9954032898 -85.3502168655 -82.6352448463 -71.5100297928 0 0 -76.2152671814 0 -79.1521477699 0 0 0 0 0 0 0 -77.2624254227 -78.1282887459 -80.1567115784 0 0 0 -78.3800773621 0 0 0 0 0 0
 -84.982407093 -71.9954032898 -85.3502168655 -82.6352448463 -71.5100297928 0 0 -76.2152671814 0 -79.1521477699 0 0 0 0 0 0 -83.5836296082 -77.2624254227 -78.1282887459 -80.1567115784 0 0 0 -78.3800773621 0 0 0 0 0 0
 -84.982407093 -71.9954032898 -85.3502168655 -82.6352448463 -71.5100297928 0 0 -76.2152671814 0 -79.1521477699 0 0 0 0 0 0 -77.2624254227 -80.0097665787 -80.1567115784 0 0 0 -78.3800773621 0 0 0 0 0 0 0
 -84.982407093 -71.9954032898 -85.3502168655 -82.6352448463 -71.5100297928 0 0 -76.2152671814 0 -79.1521477699 0 0 0 0 0 0 -77.2624254227 -80.0097665787 -80.1567115784 0 0 0 -83.4280147552 0 0 0 0 0 0 0
 -84.982407093 -71.9954032898 -85.3502168655 -82.6352448463 -71.5100297928 0 0 -76.2152671814 0 -79.1521477699 0 0 0 0 0 0 -77.2624254227 -80.0097665787 -80.1567115784 0 0 0 0 0 0 0 0 -74.1845684052 0 0
 -84.982407093 -71.9954032898 -85.3502168655 -82.6352448463 -71.5100297928 0 0 -76.2152671814 0 -79.1521477699 0 0 0 0 -77.1360516548 0 -77.2624254227 -80.0097665787 -80.1567115784 0 0 0 0 0 0 0 0 -74.1845684052 0 0
 -84.982407093 -71.9954032898 -85.3502168655 -82.6352448463 -71.5100297928 0 0 -76.2152671814 0 -79.1521477699 0 0 0 0 0 -77.2624254227 -80.0097665787 -80.1567115784 0 0 0 0 0 0 0 0 -74.1845684052 0 -82.9142889977 0
 -84.982407093 -71.9954032898 -85.3502168655 -82.6352448463 -71.5100297928 0 -81.3728718758 -76.2152671814 0 -79.1521477699 0 0 0 0 0 -77.2624254227 -80.0097665787 -80.1567115784 0 0 0 0 0 0 0 0 -74.1845684052 0 -82.9142889977 0
 -84.982407093 -71.9954032898 -85.3502168655 -82.6352448463 -71.5100297928 0 -81.3728718758 -76.2152671814 0 -79.1521477699 0 0 0 0 0 -77.2624254227 -80.0097665787 -86.4108109474 0 0 0 0 0 0 0 0 -74.1845684052 0 0 0
 -84.982407093 -71.9954032898 -85.3502168655 -82.6352448463 -71.5100297928 0 -81.3728718758 -76.2152671814 0 -79.1521477699 0 0 0 0 0 -77.2624254227 -80.0097665787 -86.4108109474 0 0 0 0 0 0 0 0 -74.1845684052 0 -87.7006244659 0
 -83.2554321289 -71.9954032898 -85.3502168655 -82.6352448463 -71.5100297928 0 -81.3728718758 -76.2152671814 0 -79.1521477699 0 0 0 0 0 -77.2624254227 -80.0097665787 -86.4108109474 0 0 0 0 0 0 0 0 -74.1845684052 0 0 0
 -83.2554321289 -71.9954032898 -85.3502168655 -82.6352448463 -71.5100297928 0 -81.3728718758 -76.2152671814 0 -79.1521477699 0 0 0 0 0 -77.2624254227 -80.0097665787 -86.4108109474 0 0 0 -80.6948976517 0 0 0 0 -74.1845684052 0 0 0
 -71.9954032898 -85.3502168655 -82.6352448463 -71.5100297928 0 -81.3728718758 -76.2152671814 0 -79.1521477699 0 0 0 -66.7557034492 0 -77.2624254227 -80.0097665787 -86.4108109474 0 0 0 -80.6948976517 0 0 0 0 -74.1845684052 0 0 0 0
 -71.9954032898 -85.3502168655 -82.6352448463 -71.5100297928 0 -81.3728718758 -76.2152671814 0 -79.1521477699 0 0 0 -66.7557034492 -66.7307034731 -77.2624254227 -80.0097665787 -86.4108109474 0 0 0 -80.6948976517 0 0 0 0 -74.1845684052 0 0 0 0
 -71.9954032898 -85.3502168655 -82.6352448463 -71.5100297928 0 -81.3728718758 -76.2152671814 0 -79.1521477699 -97.9694194794 0 0 -66.7307034731 -77.2624254227 -80.0097665787 -86.4108109474 0 0 0 -80.6948976517 0 0 0 0 -74.1845684052 0 0 0 0 0
 -71.9954032898 -85.3502168655 -82.6352448463 -71.5100297928 0 -81.3728718758 -76.2152671814 0 -79.1521477699 -97.9694194794 0 0 -66.7307034731 -77.2624254227 -80.0097665787 -86.4108109474 0 0 0 -80.6948976517 0 0 0 0 -74.1845684052 0 0 -101.214131355 0 0
 -71.9954032898 -85.3502168655 -82.6352448463 -71.5100297928 0 -81.3728718758 -76.2152671814 0 -79.1521477699 -97.9694194794 0 0 -66.7307034731 -77.2624254227 -80.0097665787 -86.4108109474 0 0 -84.3725676537 -80.6948976517 0 0 0 0 -74.1845684052 0 0 0 0 0
 -71.9954032898 -85.3502168655 -82.6352448463 -71.5100297928 0 -81.3728718758 -76.2152671814 0 -79.1521477699 -97.9694194794 0 0 -66.7307034731 -77.2624254227 -80.0097665787 -86.4108109474 0 0 -84.3725676537 -80.6948976517 0 0 0 0 -80.7157378197 0 0 0 0 0
 -71.9954032898 -85.3502168655 -82.6352448463 -71.5100297928 0 -81.3728718758 -76.2152671814 0 -79.1521477699 -97.9694194794 0 0 -66.7307034731 -77.2624254227 -80.0097665787 -86.4108109474 0 0 -80.6948976517 0 0 0 0 -80.7157378197 0 -87.7385721207 0 0 0 0
 -71.9954032898 -85.3502168655 -82.6352448463 -71.5100297928 0 -81.3728718758 -76.2152671814 0 -79.1521477699 -97.9694194794 0 0 -66.7307034731 -77.2624254227 -80.0097665787 -86.4108109474 0 0 -80.6948976517 0 0 0 0 -80.7157378197 0 -87.7385721207 -76.3366031647 0 0 0
 -78.6785979271 -85.3502168655 -82.6352448463 -71.5100297928 0 -81.3728718758 -76.2152671814 0 -79.1521477699 -97.9694194794 0 0 -66.7307034731 -77.2624254227 -80.0097665787 -86.4108109474 0 0 -80.6948976517 0 0 0 0 -80.7157378197 0 -76.3366031647 0 0 0 0
 -78.6785979271 -85.3502168655 -82.6352448463 -71.5100297928 0 -81.3728718758 -76.2152671814 0 -79.1521477699 -97.9694194794 0 0 -66.7307034731 -77.2624254227 -80.0097665787 -78.0555877686 0 0 -80.6948976517 0 0 0 0 -80.7157378197 0 -76.3366031647 0 0 0 0
 -85.3502168655 -82.6352448463 -71.5100297928 0 -81.3728718758 -76.2152671814 0 -79.1521477699 -97.9694194794 0 0 -66.7307034731 -77.2624254227 -80.0097665787 -78.0555877686 0 0 -80.6948976517 0 0 0 0 -80.7157378197 0 -76.3366031647 0 -100.124160767 0 0 0
 -85.3502168655 -82.6352448463 -71.5100297928 0 -81.3728718758 -76.2152671814 0 -79.1521477699 -97.9694194794 0 0 -66.7307034731 -77.2624254227 -80.0097665787 -78.0555877686 0 -84.2442822456 -80.6948976517 0 0 0 0 -80.7157378197 0 -76.3366031647 0 -100.124160767 0 0 0
 -85.3502168655 -82.6352448463 -71.5100297928 0 -81.3728718758 -76.2152671814 0 -79.1521477699 -97.9694194794 0 0 -66.7307034731 -77.2624254227 -80.0097665787 -78.0555877686 0 -84.2442822456 -80.6948976517 0 0 0 0 -80.7157378197 0 -73.928940773 0 0 0 0 0
 -85.3502168655 -82.6352448463 -71.5100297928 0 -81.3728718758 -76.2152671814 0 -79.1521477699 -97.9694194794 0 0 -66.7307034731 -77.2624254227 -80.0097665787 -78.0555877686 0 -84.2442822456 -80.6948976517 0 0 0 0 -80.7157378197 0 -73.928940773 0 0 0 -87.7453899384 0
 -85.3502168655 -82.6352448463 -71.5100297928 0 -81.3728718758 -76.2152671814 0 -79.1521477699 -97.9694194794 0 0 -66.7307034731 -77.2624254227 -80.0097665787 -78.0555877686 0 -84.2442822456 -80.6948976517 0 -73.6927351952 0 0 -80.7157378197 0 -73.928940773 0 0 0 0 0
 -85.3502168655 -82.6352448463 -71.5100297928 -85.2497704029 -81.3728718758 -76.2152671814 0 -79.1521477699 -97.9694194794 0 0 -66.7307034731 -77.2624254227 -80.0097665787 -78.0555877686 0 -84.2442822456 -80.6948976517 0 -73.6927351952 0 0 -80.7157378197 0 -73.928940773 0 0 0 0 0
 -85.3502168655 -82.6352448463 -71.5100297928 -81.3728718758 -76.2152671814 0 -79.1521477699 -97.9694194794 0 0 -66.7307034731 -77.2624254227 -80.0097665787 -78.0555877686 0 -84.2442822456 -80.6948976517 0 -73.6927351952 0 0 -80.7157378197 0 -74.8619260788 0 0 0 0 0 0
 -85.3502168655 -82.6352448463 -71.5100297928 -81.3728718758 -76.2152671814 0 -79.1521477699 -97.9694194794 0 0 -66.7307034731 -77.2624254227 -80.0097665787 -78.0555877686 0 -84.2442822456 -80.6948976517 0 -73.6927351952 0 0 -72.7439360619 0 -74.8619260788 0 0 0 0 0 0
 -85.3502168655 -82.6352448463 -71.5100297928 -81.3728718758 -76.2152671814 0 -79.1521477699 -97.9694194794 0 0 -66.7307034731 -77.2624254227 -80.0097665787 -78.0555877686 0 -84.2442822456 -80.6948976517 0 -73.6927351952 0 0 -72.7439360619 0 0 0 -71.4245872498 0 0 0 0
 -85.3502168655 -82.6352448463 -71.5100297928 -81.3728718758 -76.2152671814 0 -79.1521477699 -97.9694194794 -80.3799462318 0 -66.7307034731 -77.2624254227 -80.0097665787 -78.0555877686 0 -84.2442822456 -80.6948976517 0 -73.6927351952 0 0 -72.7439360619 0 0 0 -71.4245872498 0 0 0 0
 -85.3502168655 -82.6352448463 -71.5100297928 -81.3728718758 -76.2152671814 0 -79.1521477699 -97.9694194794 0 -66.7307034731 -77.2624254227 -80.0097665787 -78.0555877686 0 -84.2442822456 -80.6948976517 0 -73.6927351952 0 -75.9267146587 -72.7439360619 0 0 0 -71.4245872498 0 0 0 0 0
 -85.3502168655 -82.6352448463 -71.5100297928 -81.3728718758 -87.77323246 0 -79.1521477699 -97.9694194794 0 -66.7307034731 -77.2624254227 -80.0097665787 -78.0555877686 0 -84.2442822456 -80.6948976517 0 -73.6927351952 0 -75.9267146587 -72.7439360619 0 0 0 -71.4245872498 0 0 0 0 0
 -85.3502168655 -82.6352448463 -71.5100297928 -81.3728718758 0 -79.1521477699 -97.9694194794 0 -66.7307034731 -82.2284502983 -80.0097665787 -78.0555877686 0 -84.2442822456 -80.6948976517 0 -73.6927351952 0 -75.9267146587 -72.7439360619 0 0 0 -71.4245872498 0 0 0 0 0 0
 -85.3502168655 -82.6352448463 -71.5100297928 -81.3728718758 -73.7589187622 -79.1521477699 -97.9694194794 0 -66.7307034731 -82.2284502983 -80.0097665787 -78.0555877686 0 -84.2442822456 -80.6948976517 0 -73.6927351952 0 -75.9267146587 -72.7439360619 0 0 0 -71.4245872498 0 0 0 0 0 0
 -85.3502168655 -82.6352448463 -71.5100297928 -81.3728718758 -73.7589187622 -79.1521477699 -97.9694194794 0 -66.7307034731 -80.0097665787 -78.0555877686 0 -78.3514890671 -80.6948976517 0 -73.6927351952 0 -75.9267146587 -72.7439360619 0 0 0 -71.4245872498 0 0 0 0 0 0 0
 -85.3502168655 -82.6352448463 -71.5100297928 -81.3728718758 -73.7589187622 -79.1521477699 -97.9694194794 0 -66.7307034731 -80.0097665787 -78.0555877686 0 -78.3514890671 -80.6948976517 0 -73.6927351952 0 -75.9267146587 -72.7439360619 0 0 0 -71.4245872498 0 0 0 0 0 0 -75.8975887299
 -85.3502168655 -82.6352448463 -71.5100297928 -81.3728718758 -73.7589187622 -79.1521477699 -97.9694194794 0 -75.1679177284 -80.0097665787 -78.0555877686 0 -80.6948976517 0 -73.6927351952 0 -75.9267146587 -72.7439360619 0 0 0 -71.4245872498 0 0 0 0 0 0 -75.8975887299 0
 -85.3502168655 -82.6352448463 -71.5100297928 -81.3728718758 -73.7589187622 -79.1521477699 -97.9694194794 0 -75.1679177284 -80.0097665787 -78.0555877686 0 -80.6948976517 0 -73.6927351952 0 -75.9267146587 -72.7439360619 0 0 0 -71.4245872498 0 0 -71.8355837706 0 0 0 -75.8975887299 0
 -85.3502168655 -82.6352448463 -71.5100297928 -81.3728718758 -73.7589187622 -79.1521477699 -97.9694194794 0 -80.0097665787 -88.904522419 0 -80.6948976517 0 -73.6927351952 0 -75.9267146587 -72.7439360619 0 0 0 -71.4245872498 0 0 -71.8355837706 0 0 0 -75.8975887299 0 0
 -85.3502168655 -82.6352448463 -71.5100297928 -81.3728718758 -73.7589187622 -79.1521477699 -97.9694194794 0 -80.0097665787 -88.904522419 0 -80.6948976517 0 -73.6927351952 -81.7251434326 -75.9267146587 -72.7439360619 0 0 0 -71.4245872498 0 0 -71.8355837706 0 0 0 -75.8975887299 0 0
 -85.3502168655 -82.6352448463 -71.5100297928 -81.3728718758 -73.7589187622 -79.1521477699 -97.9694194794 0 -80.0097665787 0 -80.6948976517 0 -73.6927351952 -81.7251434326 -75.9267146587 -72.7439360619 0 0 0 -71.4245872498 0 0 -74.7242450714 0 0 0 -75.8975887299 0 0 0
 -85.3502168655 -82.6352448463 -71.5100297928 -81.3728718758 -73.7589187622 -79.1521477699 -97.9694194794 0 -80.0097665787 0 -81.683886528 0 -73.6927351952 -81.7251434326 -75.9267146587 -72.7439360619 0 0 0 -71.4245872498 0 0 -74.7242450714 0 0 0 -75.8975887299 0 0 0
 -85.3502168655 -82.6352448463 -72.3181786537 -81.3728718758 -73.7589187622 -79.1521477699 -97.9694194794 0 -80.0097665787 0 0 -73.6927351952 -81.7251434326 -75.9267146587 -72.7439360619 0 0 0 -71.4245872498 0 0 -74.7242450714 0 0 0 -75.8975887299 0 0 0 0
 -85.3502168655 -82.6352448463 -72.3181786537 -81.3728718758 -73.7589187622 -79.1521477699 -97.9694194794 0 -80.0097665787 0 0 -73.6927351952 -81.7251434326 -75.9267146587 -72.7439360619 0 0 0 -71.4245872498 0 0 -74.7242450714 0 0 0 -75.8975887299 0 0 -79.540954113 0
 -73.6337857246 -82.6352448463 -72.3181786537 -81.3728718758 -73.7589187622 -79.1521477699 -97.9694194794 0 -80.0097665787 0 0 -73.6927351952 -81.7251434326 -75.9267146587 -72.7439360619 0 0 0 -71.4245872498 0 0 -74.7242450714 0 0 0 -75.8975887299 0 0 0 0
 -73.6337857246 -82.6352448463 -72.3181786537 -81.3728718758 -73.7589187622 -79.1521477699 -97.9694194794 0 -80.0097665787 0 0 -73.6927351952 -81.7251434326 -75.9267146587 -72.3831820488 0 0 0 -71.4245872498 0 0 -74.7242450714 0 0 0 -75.8975887299 0 0 0 0
 -82.6352448463 -72.3181786537 -81.3728718758 -73.7589187622 -79.1521477699 -97.9694194794 0 -80.0097665787 0 0 -73.6927351952 -81.7251434326 -81.2166604996 -72.3831820488 0 0 0 -71.4245872498 0 0 -74.7242450714 0 0 0 -75.8975887299 0 0 0 0 0
 -82.6352448463 -72.3181786537 -81.3728718758 -73.7589187622 -79.1521477699 -97.9694194794 0 -80.0097665787 0 0 -73.6927351952 -81.7251434326 -81.2166604996 -72.3831820488 0 0 0 -71.4245872498 0 0 -74.7242450714 0 0 0 -75.8975887299 0 0 -99.6439733505 0 0
 -82.6352448463 -72.3181786537 -81.3728718758 -73.7589187622 -79.1521477699 -97.9694194794 0 -80.0097665787 0 0 -73.6927351952 -81.7251434326 -85.5284771919 -72.3831820488 0 0 0 -71.4245872498 0 0 -74.7242450714 0 0 0 -75.8975887299 0 0 0 0 0
 -94.5404210091 -72.3181786537 -81.3728718758 -73.7589187622 -79.1521477699 -97.9694194794 0 -80.0097665787 0 0 -73.6927351952 -81.7251434326 -85.5284771919 -72.3831820488 0 0 0 -71.4245872498 0 0 -74.7242450714 0 0 0 -75.8975887299 0 0 0 0 0
 -72.3181786537 -81.3728718758 -73.7589187622 -79.1521477699 -97.9694194794 0 -80.0097665787 0 0 -73.6927351952 -81.7251434326 -85.5284771919 -72.3831820488 0 0 0 -71.4245872498 0 0 -74.7242450714 -85.724814415 0 0 -75.8975887299 0 0 0 0 0 0
 -78.1383523941 -81.3728718758 -73.7589187622 -79.1521477699 -97.9694194794 0 -80.0097665787 0 0 -73.6927351952 -81.7251434326 -85.5284771919 -72.3831820488 0 0 0 -71.4245872498 0 0 -74.7242450714 -85.724814415 0 0 -75.8975887299 0 0 0 0 0 0
 -78.1383523941 -87.7044444084 -73.7589187622 -79.1521477699 -97.9694194794 0 -80.0097665787 0 0 -73.6927351952 -81.7251434326 -85.5284771919 -72.3831820488 0 0 0 -71.4245872498 0 0 -74.7242450714 0 0 -75.8975887299 0 0 0 0 0 0 0
 -78.1383523941 -87.7044444084 -73.7589187622 -79.1521477699 -97.9694194794 0 -80.0097665787 0 0 -73.6927351952 -78.316950798 -85.5284771919 -72.3831820488 0 0 0 -71.4245872498 0 0 -74.7242450714 0 0 -75.8975887299 0 0 0 0 0 0 0
 -78.1383523941 -73.7589187622 -79.1521477699 -97.9694194794 0 -80.0097665787 0 0 -78.2283773422 -78.316950798 -85.5284771919 -72.3831820488 0 0 0 -71.4245872498 0 0 -74.7242450714 0 0 -75.8975887299 0 0 0 0 0 0 0 0
 -78.1383523941 -73.7589187622 -79.1521477699 -97.9694194794 0 -80.0097665787 0 0 -78.2283773422 -78.316950798 -85.5284771919 -72.3831820488 0 0 0 -71.4245872498 -85.7172937393 0 -74.7242450714 0 0 -75.8975887299 0 0 0 0 0 0 0 0
 -78.1383523941 -73.7589187622 -79.1521477699 -97.9694194794 0 -80.0097665787 0 0 -78.2283773422 -78.316950798 -85.5284771919 -72.3831820488 0 0 0 -71.4245872498 0 -74.7242450714 0 -81.5712151527 -75.8975887299 0 0 0 0 0 0 0 0 0
 -78.1383523941 -73.7589187622 -79.1521477699 -97.9694194794 0 -80.0097665787 0 0 -78.2283773422 -78.316950798 -85.5284771919 -72.3831820488 0 -82.6661171913 0 -71.4245872498 0 -74.7242450714 0 -81.5712151527 -75.8975887299 0 0 0 0 0 0 0 0 0
 -78.1383523941 -73.7589187622 -79.1521477699 -97.9694194794 0 -80.0097665787 0 0 -78.2283773422 -78.316950798 -85.5284771919 -72.3831820488 0 0 -71.4245872498 0 -74.7242450714 0 -81.5712151527 -75.8975887299 -89.008954525 0 0 0 0 0 0 0 0 0
 -78.1383523941 -73.7589187622 -79.1521477699 -97.9694194794 0 -80.0097665787 0 0 -78.2283773422 -78.316950798 -85.5284771919 -72.3831820488 0 0 -71.4245872498 0 -74.7242450714 0 -81.5712151527 -75.8975887299 -89.008954525 0 0 0 0 -84.5795412064 0 0 0 0
 -78.1383523941 -73.7589187622 -79.1521477699 -97.9694194794 0 -80.0097665787 0 0 -78.2283773422 -78.316950798 -85.5284771919 -72.3831820488 0 0 -71.4245872498 0 -74.7242450714 0 -81.5712151527 -75.8975887299 0 0 0 0 -84.5795412064 0 0 0 0 -88.9326725006
 -78.1383523941 -73.7589187622 -79.1521477699 -97.9694194794 0 -80.0097665787 0 0 -78.2283773422 -78.316950798 -85.5284771919 -72.3831820488 0 0 -71.4245872498 0 -74.7242450714 0 -81.5712151527 -75.8975887299 0 -82.564330101 0 0 -84.5795412064 0 0 0 0 -88.9326725006
 -78.1383523941 -73.7589187622 -79.1521477699 -97.9694194794 0 -80.0097665787 0 0 -78.2283773422 -78.316950798 -85.5284771919 -72.3831820488 0 0 -71.4245872498 0 -74.7242450714 0 -81.5712151527 -75.8975887299 0 -82.564330101 0 0 -84.5795412064 0 -72.6763134003 0 0 0
 -78.1383523941 -73.7589187622 -79.1521477699 -97.9694194794 0 -80.0097665787 0 0 -78.2283773422 -78.316950798 -85.5284771919 -72.3831820488 0 0 -71.4245872498 0 -74.7242450714 -73.5717787743 -81.5712151527 -75.8975887299 0 -82.564330101 0 0 -84.5795412064 0 -72.6763134003 0 0 0
 -78.1383523941 -73.7589187622 -79.1521477699 -97.9694194794 0 -80.0097665787 0 0 -78.2283773422 -78.316950798 -85.5284771919 -72.3831820488 0 0 -71.4245872498 0 -74.7242450714 -81.5712151527 -75.8975887299 0 -82.564330101 0 0 -91.9827766418 0 -72.6763134003 0 0 0 0
 -78.1383523941 -73.7589187622 -79.1521477699 -97.9694194794 0 -80.0097665787 0 0 -78.2283773422 -78.316950798 -85.5284771919 -72.3831820488 0 0 -71.4245872498 0 -74.7242450714 -81.5712151527 -75.8975887299 0 -83.2954826355 0 0 -91.9827766418 0 -72.6763134003 0 0 0 0
 -78.1383523941 -73.7589187622 -79.1521477699 -97.9694194794 0 -80.0097665787 0 0 -78.2283773422 -78.316950798 -85.5284771919 -72.3831820488 0 0 -71.4245872498 0 -74.7242450714 -81.5712151527 -75.8975887299 -76.8183040619 -83.2954826355 0 0 0 -72.6763134003 0 0 0 0 0
 -82.266471386 -73.7589187622 -79.1521477699 -97.9694194794 0 -80.0097665787 0 0 -78.2283773422 -78.316950798 -85.5284771919 -72.3831820488 0 0 -71.4245872498 0 -74.7242450714 -81.5712151527 -75.8975887299 -76.8183040619 -83.2954826355 0 0 0 -72.6763134003 0 0 0 0 0
 -73.7589187622 -79.1521477699 -97.9694194794 0 -80.0097665787 0 0 -78.2283773422 -78.316950798 -85.5284771919 -72.3831820488 0 0 -71.4245872498 0 -74.7242450714 -81.5712151527 -75.8975887299 -81.855079174 -83.2954826355 0 0 0 -72.6763134003 0 0 0 0 0 0
 -73.7589187622 -79.1521477699 -97.9694194794 0 -80.0097665787 0 0 -78.2283773422 -78.316950798 -85.5284771919 -72.3831820488 -100.094352722 0 -71.4245872498 0 -74.7242450714 -81.5712151527 -75.8975887299 -81.855079174 -83.2954826355 0 0 0 -72.6763134003 0 0 0 0 0 0
 -73.7589187622 -79.1521477699 -97.9694194794 0 -80.0097665787 0 0 -78.2283773422 -78.316950798 -85.5284771919 -72.3831820488 0 -78.6887555122 0 -74.7242450714 -81.5712151527 -75.8975887299 -81.855079174 -83.2954826355 0 0 0 -72.6763134003 0 0 0 0 0 0 0
 -73.7589187622 -79.1521477699 -97.9694194794 0 -80.0097665787 0 0 -78.2283773422 -78.316950798 -85.5284771919 -72.3831820488 0 -78.6887555122 0 -88.8217616081 -81.5712151527 -75.8975887299 -81.855079174 -83.2954826355 0 0 0 -72.6763134003 0 0 0 0 0 0 0
 -73.7589187622 -79.1521477699 -97.9694194794 0 -80.0097665787 0 0 -78.2283773422 -78.316950798 -85.5284771919 -72.3831820488 0 -78.6887555122 0 -81.5712151527 -75.8975887299 -81.855079174 -83.2954826355 0 0 0 -72.6763134003 0 -79.3864207268 0 0 0 0 0 0
 -73.7589187622 -79.1521477699 -97.9694194794 0 -80.0097665787 0 0 -78.2283773422 -78.316950798 -85.5284771919 -72.3831820488 0 -78.6887555122 0 -81.5712151527 -75.8975887299 -81.855079174 -83.2954826355 0 0 0 -85.8499512672 0 -79.3864207268 0 0 0 0 0 0
 -73.7589187622 -79.1521477699 -97.9694194794 0 -80.0097665787 0 0 -78.2283773422 -78.316950798 -85.5284771919 -72.3831820488 0 -78.6887555122 0 -81.5712151527 -75.8975887299 -81.855079174 -83.2954826355 0 0 0 0 -79.3864207268 0 -78.023194313 0 0 0 0 0
