 8.90910413861 -8.90910413861 4.27614230092 -4.27614230092 24.8127368242 -24.8127368242 31.8917553425 -31.8917553425 5.66347451508 -5.66347451508 12.6782443225 -12.6782443225 18.3127881289 -18.3127881289 23.7444941998 -23.7444941998 14.707980752 -14.707980752 12.4274317622 -12.4274317622 10.5496316999 -10.5496316999 25.7021182775 -25.7021182775 20.033015728 -20.033015728 14.2479244471 -14.2479244471 13.6699118614 -13.6699118614 18.1893088818 -18.1893088818 16.4051114321 -16.4051114321 15.5899436474 -15.5652464628 10.0581611544 -10.0495864302 14.129492335 -14.129492335
 8.90910413861 -8.90910413861 4.27614230092 -4.27614230092 24.8127368242 -24.8127368242 31.8917553425 -31.8917553425 5.66347451508 -5.66347451508 12.6782443225 -12.6782443225 18.3127881289 -18.3127881289 23.7444941998 -23.7444941998 14.707980752 -14.707980752 12.4274317622 -12.4274317622 10.5496316999 -10.5496316999 25.7021182775 -25.7021182775 20.033015728 -20.033015728 14.2479244471 -14.2479244471 15.919108808 -15.919108808 18.1893088818 -18.1893088818 16.4051114321 -16.4051114321 15.5899436474 -15.5652464628 10.0581611544 -10.0495864302 14.129492335 -14.129492335
 8.90910413861 -8.90910413861 4.27614230092 -4.27614230092 24.8127368242 -24.8127368242 31.8917553425 -31.8917553425 5.66347451508 -5.66347451508 12.6782443225 -12.6782443225 18.3127881289 -18.3127881289 23.7444941998 -23.7444941998 14.707980752 -14.707980752 12.4274317622 -12.4274317622 10.5496316999 -10.5496316999 25.7021182775 -25.7021182775 20.033015728 -20.033015728 14.2479244471 -14.2479244471 15.919108808 -15.919108808 18.1893088818 -18.1893088818 16.4051114321 -16.4051114321 14.6181398928 -14.6181398928 10.0581611544 -10.0495864302 14.129492335 -14.129492335
 12.1543380618 -12.1465091109 4.27614230092 -4.27614230092 24.8127368242 -24.8127368242 31.8917553425 -31.8917553425 5.66347451508 -5.66347451508 12.6782443225 -12.6782443225 18.3127881289 -18.3127881289 23.7444941998 -23.7444941998 14.707980752 -14.707980752 12.4274317622 -12.4274317622 10.5496316999 -10.5496316999 25.7021182775 -25.7021182775 20.033015728 -20.033015728 14.2479244471 -14.2479244471 18.1893088818 -18.1893088818 16.4051114321 -16.4051114321 14.6181398928 -14.6181398928 10.0581611544 -10.0495864302 14.129492335 -14.129492335 0
 12.1543380618 -12.1465091109 4.27614230092 -4.27614230092 24.8127368242 -24.8127368242 31.8917553425 -31.8917553425 9.11833850294 -9.11833850294 12.6782443225 -12.6782443225 18.3127881289 -18.3127881289 23.7444941998 -23.7444941998 14.707980752 -14.707980752 12.4274317622 -12.4274317622 10.5496316999 -10.5496316999 25.7021182775 -25.7021182775 20.033015728 -20.033015728 14.2479244471 -14.2479244471 18.1893088818 -18.1893088818 16.4051114321 -16.4051114321 14.6181398928 -14.6181398928 10.0581611544 -10.0495864302 14.129492335 -14.129492335 0
 12.1543380618 -12.1465091109 4.27614230092 -4.27614230092 24.8127368242 -24.8127368242 31.8917553425 -31.8917553425 12.6782443225 -12.6782443225 18.3127881289 -18.3127881289 23.7444941998 -23.7444941998 14.707980752 -14.707980752 9.24508368969 -9.24508368969 10.5496316999 -10.5496316999 25.7021182775 -25.7021182775 20.033015728 -20.033015728 14.2479244471 -14.2479244471 18.1893088818 -18.1893088818 16.4051114321 -16.4051114321 14.6181398928 -14.6181398928 10.0581611544 -10.0495864302 14.129492335 -14.129492335 0 0
 12.1543380618 -12.1465091109 4.27614230092 -4.27614230092 24.8127368242 -24.8127368242 31.8917553425 -31.8917553425 15.1431951523 -15.1431951523 18.3127881289 -18.3127881289 23.7444941998 -23.7444941998 14.707980752 -14.707980752 9.24508368969 -9.24508368969 10.5496316999 -10.5496316999 25.7021182775 -25.7021182775 20.033015728 -20.033015728 14.2479244471 -14.2479244471 18.1893088818 -18.1893088818 16.4051114321 -16.4051114321 14.6181398928 -14.6181398928 10.0581611544 -10.0495864302 14.129492335 -14.129492335 0 0
 12.1543380618 -12.1465091109 3.77141544223 -3.77141544223 24.8127368242 -24.8127368242 31.8917553425 -31.8917553425 15.1431951523 -15.1431951523 18.3127881289 -18.3127881289 23.7444941998 -23.7444941998 14.707980752 -14.707980752 10.5496316999 -10.5496316999 25.7021182775 -25.7021182775 20.033015728 -20.033015728 14.2479244471 -14.2479244471 18.1893088818 -18.1893088818 16.4051114321 -16.4051114321 14.6181398928 -14.6181398928 10.0581611544 -10.0495864302 14.129492335 -14.129492335 0 0 0
 12.1543380618 -12.1465091109 3.77141544223 -3.77141544223 24.8127368242 -24.8127368242 31.8917553425 -31.8917553425 15.1431951523 -15.1431951523 18.3127881289 -18.3127881289 23.7444941998 -23.7444941998 11.8187840581 -11.8187840581 10.5496316999 -10.5496316999 25.7021182775 -25.7021182775 20.033015728 -20.033015728 14.2479244471 -14.2479244471 18.1893088818 -18.1893088818 16.4051114321 -16.4051114321 14.6181398928 -14.6181398928 10.0581611544 -10.0495864302 14.129492335 -14.129492335 0 0 0
 12.1543380618 -12.1465091109 24.8127368242 -24.8127368242 31.8917553425 -31.8917553425 15.1431951523 -15.1431951523 18.3127881289 -18.3127881289 23.7444941998 -23.7444941998 11.8187840581 -11.8187840581 10.5496316999 -10.5496316999 25.7021182775 -25.7021182775 20.033015728 -20.033015728 15.1273460388 -15.1273460388 18.1893088818 -18.1893088818 16.4051114321 -16.4051114321 14.6181398928 -14.6181398928 10.0581611544 -10.0495864302 14.129492335 -14.129492335 0 0 0 0
 12.1543380618 -12.1465091109 24.8127368242 -24.8127368242 31.8917553425 -31.8917553425 15.1431951523 -15.1431951523 18.3127881289 -18.3127881289 23.7444941998 -23.7444941998 11.8187840581 -11.8187840581 10.5496316999 -10.5496316999 25.7021182775 -25.7021182775 16.7484958172 -16.7484958172 15.1273460388 -15.1273460388 18.1893088818 -18.1893088818 16.4051114321 -16.4051114321 14.6181398928 -14.6181398928 10.0581611544 -10.0495864302 14.129492335 -14.129492335 0 0 0 0
 12.1543380618 -12.1465091109 24.8127368242 -24.8127368242 31.8917553425 -31.8917553425 15.1431951523 -15.1431951523 18.3127881289 -18.3127881289 18.2980758548 -18.2980758548 11.8187840581 -11.8187840581 10.5496316999 -10.5496316999 25.7021182775 -25.7021182775 15.1273460388 -15.1273460388 18.1893088818 -18.1893088818 16.4051114321 -16.4051114321 14.6181398928 -14.6181398928 10.0581611544 -10.0495864302 14.129492335 -14.129492335 0 0 0 0 0
 12.1543380618 -12.1465091109 24.8127368242 -24.8127368242 31.8917553425 -31.8917553425 15.1431951523 -15.1431951523 18.3127881289 -18.3127881289 18.2980758548 -18.2980758548 11.8187840581 -11.8187840581 10.5496316999 -10.5496316999 25.7021182775 -25.7021182775 15.1273460388 -15.1273460388 18.1893088818 -18.1893088818 16.4051114321 -16.4051114321 14.6181398928 -14.6181398928 10.0581611544 -10.0495864302 14.129492335 -14.129492335 0 0 0 15.1962277889 -16.2707066536 0
 12.1543380618 -12.1465091109 24.8127368242 -24.8127368242 31.8917553425 -31.8917553425 15.1431951523 -15.1431951523 18.3127881289 -18.3127881289 18.2980758548 -18.2980758548 11.8187840581 -11.8187840581 10.5496316999 -10.5496316999 25.7021182775 -25.7021182775 15.1273460388 -15.1273460388 18.1893088818 -18.1893088818 16.4051114321 -16.4051114321 14.6181398928 -14.6181398928 10.0581611544 -10.0495864302 14.129492335 -14.129492335 0 18.9870700128 -18.9870700128 0 0 0
 12.1543380618 -12.1465091109 24.8127368242 -24.8127368242 31.8917553425 -31.8917553425 15.1431951523 -15.1431951523 18.3127881289 -18.3127881289 18.2980758548 -18.2980758548 11.8187840581 -11.8187840581 10.5496316999 -10.5496316999 25.7021182775 -25.7021182775 15.1273460388 -15.1273460388 18.1893088818 -18.1893088818 16.4051114321 -16.4051114321 14.6181398928 -14.6181398928 10.0581611544 -10.0495864302 14.129492335 -14.129492335 0 18.9870700128 -18.9870700128 16.4483536482 -16.4483536482 0 0
 12.1543380618 -12.1465091109 24.8127368242 -24.8127368242 31.8917553425 -31.8917553425 15.1431951523 -15.1431951523 18.3127881289 -18.3127881289 18.2980758548 -18.2980758548 11.8187840581 -11.8187840581 10.5496316999 -10.5496316999 25.7021182775 -25.7021182775 15.1273460388 -15.1273460388 18.1893088818 -18.1893088818 16.4051114321 -16.4051114321 14.6181398928 -14.6181398928 10.0581611544 -10.0495864302 15.0209172666 -15.0209172666 0 18.9870700128 -18.9870700128 0 0 0
 12.1543380618 -12.1465091109 24.8127368242 -24.8127368242 31.8917553425 -31.8917553425 15.1431951523 -15.1431951523 18.3127881289 -18.3127881289 18.2980758548 -18.2980758548 11.8187840581 -11.8187840581 10.5496316999 -10.5496316999 25.7021182775 -25.7021182775 14.8118928671 -14.8118928671 18.1893088818 -18.1893088818 16.4051114321 -16.4051114321 14.6181398928 -14.6181398928 10.0581611544 -10.0495864302 15.0209172666 -15.0209172666 0 18.9870700128 -18.9870700128 0 0 0
 12.1543380618 -12.1465091109 24.8127368242 -24.8127368242 31.8917553425 -31.8917553425 15.1431951523 -15.1431951523 18.3127881289 -18.3127881289 18.2980758548 -18.2980758548 11.8187840581 -11.8187840581 10.5496316999 -10.5496316999 25.7021182775 -25.7021182775 14.8118928671 -14.8118928671 18.1893088818 -18.1893088818 16.4051114321 -16.4051114321 14.6181398928 -14.6181398928 10.0581611544 -10.0495864302 0 18.9870700128 -18.9870700128 0 0 14.1409531832 -14.1432300806 0
 12.1543380618 -12.1465091109 24.8127368242 -24.8127368242 31.8917553425 -31.8917553425 15.1431951523 -15.1431951523 18.3127881289 -18.3127881289 18.2980758548 -18.2980758548 12.1458748579 -12.1458748579 10.5496316999 -10.5496316999 25.7021182775 -25.7021182775 14.8118928671 -14.8118928671 18.1893088818 -18.1893088818 16.4051114321 -16.4051114321 14.6181398928 -14.6181398928 10.0581611544 -10.0495864302 0 18.9870700128 -18.9870700128 0 0 14.1409531832 -14.1432300806 0
 12.1543380618 -12.1465091109 24.8127368242 -24.8127368242 31.8917553425 -31.8917553425 15.1431951523 -15.1431951523 18.3127881289 -18.3127881289 18.2980758548 -18.2980758548 10.5496316999 -10.5496316999 25.7021182775 -25.7021182775 14.8118928671 -14.8118928671 18.1893088818 -18.1893088818 16.4051114321 -16.4051114321 14.6181398928 -14.6181398928 10.0581611544 -10.0495864302 0 18.9870700128 -18.9870700128 12.966825828 -12.966825828 0 14.1409531832 -14.1432300806 0 0
 12.1543380618 -12.1465091109 24.8127368242 -24.8127368242 31.8917553425 -31.8917553425 15.1431951523 -15.1431951523 18.3127881289 -18.3127881289 18.2980758548 -18.2980758548 10.5496316999 -10.5496316999 25.7021182775 -25.7021182775 14.8118928671 -14.8118928671 18.1893088818 -18.1893088818 16.4051114321 -16.4051114321 16.3923828602 -16.3923828602 10.0581611544 -10.0495864302 0 18.9870700128 -18.9870700128 12.966825828 -12.966825828 0 14.1409531832 -14.1432300806 0 0
 12.1543380618 -12.1465091109 24.8127368242 -24.8127368242 31.8917553425 -31.8917553425 15.1431951523 -15.1431951523 18.3127881289 -18.3127881289 18.2980758548 -18.2980758548 10.5496316999 -10.5496316999 25.7021182775 -25.7021182775 14.8118928671 -14.8118928671 18.1893088818 -18.1893088818 16.4051114321 -16.4051114321 10.0581611544 -10.0495864302 0 18.9870700128 -18.9870700128 12.966825828 -12.966825828 0 14.1409531832 -14.1432300806 0 0 14.4381576777 -14.4381576777
 12.1543380618 -12.1465091109 24.8127368242 -24.8127368242 31.8917553425 -31.8917553425 15.1431951523 -15.1431951523 18.3127881289 -18.3127881289 18.2980758548 -18.2980758548 10.5496316999 -10.5496316999 25.7021182775 -25.7021182775 14.8118928671 -14.8118928671 18.1893088818 -18.1893088818 16.4051114321 -16.4051114321 12.8276590258 -12.8276590258 0 18.9870700128 -18.9870700128 12.966825828 -12.966825828 0 14.1409531832 -14.1432300806 0 0 14.4381576777 -14.4381576777
 12.1543380618 -12.1465091109 24.8127368242 -24.8127368242 31.8917553425 -31.8917553425 15.1431951523 -15.1431951523 18.3127881289 -18.3127881289 18.2980758548 -18.2980758548 10.5496316999 -10.5496316999 25.7021182775 -25.7021182775 14.8118928671 -14.8118928671 18.1893088818 -18.1893088818 16.4051114321 -16.4051114321 12.8276590258 -12.8276590258 0 18.9870700128 -18.9870700128 12.966825828 -12.966825828 0 14.5206160545 -14.5206160545 0 0 0
 12.1543380618 -12.1465091109 24.8127368242 -24.8127368242 31.8917553425 -31.8917553425 15.1431951523 -15.1431951523 18.3127881289 -18.3127881289 17.5477090478 -17.5477090478 10.5496316999 -10.5496316999 25.7021182775 -25.7021182775 14.8118928671 -14.8118928671 18.1893088818 -18.1893088818 16.4051114321 -16.4051114321 12.8276590258 -12.8276590258 0 18.9870700128 -18.9870700128 12.966825828 -12.966825828 0 14.5206160545 -14.5206160545 0 0 0
 12.1543380618 -12.1465091109 24.8127368242 -24.8127368242 31.8917553425 -31.8917553425 17.7858614922 -17.7858614922 18.3127881289 -18.3127881289 17.5477090478 -17.5477090478 10.5496316999 -10.5496316999 25.7021182775 -25.7021182775 14.8118928671 -14.8118928671 18.1893088818 -18.1893088818 16.4051114321 -16.4051114321 12.8276590258 -12.8276590258 0 18.9870700128 -18.9870700128 12.966825828 -12.966825828 0 0 0 0 0
 11.8806214333 -11.8806214333 24.8127368242 -24.8127368242 31.8917553425 -31.8917553425 17.7858614922 -17.7858614922 18.3127881289 -18.3127881289 17.5477090478 -17.5477090478 10.5496316999 -10.5496316999 25.7021182775 -25.7021182775 14.8118928671 -14.8118928671 18.1893088818 -18.1893088818 16.4051114321 -16.4051114321 12.8276590258 -12.8276590258 0 18.9870700128 -18.9870700128 12.966825828 -12.966825828 0 0 0 0 0
 24.8127368242 -24.8127368242 31.8917553425 -31.8917553425 17.7858614922 -17.7858614922 18.3127881289 -18.3127881289 17.5477090478 -17.5477090478 10.5496316999 -10.5496316999 25.7021182775 -25.7021182775 14.8118928671 -14.8118928671 18.1893088818 -18.1893088818 16.4051114321 -16.4051114321 12.8276590258 -12.8276590258 0 18.9870700128 -18.9870700128 12.966825828 -12.966825828 0 0 0 0 0 12.9532151222 -12.9532151222
 24.1228994131 -24.1228994131 31.8917553425 -31.8917553425 17.7858614922 -17.7858614922 18.3127881289 -18.3127881289 17.5477090478 -17.5477090478 10.5496316999 -10.5496316999 25.7021182775 -25.7021182775 14.8118928671 -14.8118928671 18.1893088818 -18.1893088818 16.4051114321 -16.4051114321 12.8276590258 -12.8276590258 0 18.9870700128 -18.9870700128 12.966825828 -12.966825828 0 0 0 0 0 12.9532151222 -12.9532151222
 24.1228994131 -24.1228994131 31.8917553425 -31.8917553425 17.7858614922 -17.7858614922 18.3127881289 -18.3127881289 17.5477090478 -17.5477090478 10.5496316999 -10.5496316999 33.7697679996 -33.7570035458 14.8118928671 -14.8118928671 18.1893088818 -18.1893088818 16.4051114321 -16.4051114321 12.8276590258 -12.8276590258 0 18.9870700128 -18.9870700128 12.966825828 -12.966825828 0 0 0 0 0 0
 24.1228994131 -24.1228994131 31.8917553425 -31.8917553425 17.7858614922 -17.7858614922 18.3127881289 -18.3127881289 17.5477090478 -17.5477090478 10.5496316999 -10.5496316999 33.7697679996 -33.7570035458 14.8118928671 -14.8118928671 18.1893088818 -18.1893088818 16.4051114321 -16.4051114321 6.92083193362 -6.92083193362 0 18.9870700128 -18.9870700128 12.966825828 -12.966825828 0 0 0 0 0 0
 24.1228994131 -24.1228994131 26.5019500852 -27.5592601895 17.7858614922 -17.7858614922 18.3127881289 -18.3127881289 17.5477090478 -17.5477090478 10.5496316999 -10.5496316999 14.8118928671 -14.8118928671 18.1893088818 -18.1893088818 16.4051114321 -16.4051114321 6.92083193362 -6.92083193362 0 18.9870700128 -18.9870700128 12.966825828 -12.966825828 0 0 0 0 0 0 0
 24.1228994131 -24.1228994131 26.5019500852 -27.5592601895 17.7858614922 -17.7858614922 18.3127881289 -18.3127881289 17.5477090478 -17.5477090478 10.5496316999 -10.5496316999 14.8118928671 -14.8118928671 18.1893088818 -18.1893088818 16.4051114321 -16.4051114321 6.92083193362 -6.92083193362 0 18.9870700128 -18.9870700128 12.966825828 -12.966825828 0 0 0 0 18.8667932749 -18.8667932749 0 0
 24.1228994131 -24.1228994131 26.5019500852 -27.5592601895 17.7858614922 -17.7858614922 18.3127881289 -18.3127881289 17.5477090478 -17.5477090478 10.5496316999 -10.5496316999 14.8118928671 -14.8118928671 18.1893088818 -18.1893088818 16.4051114321 -16.4051114321 6.92083193362 -6.92083193362 0 18.9870700128 -18.9870700128 12.966825828 -12.966825828 0 12.6259500608 -12.6259500608 0 0 0 0 0
 24.1228994131 -24.1228994131 26.5019500852 -27.5592601895 17.7858614922 -17.7858614922 18.3127881289 -18.3127881289 17.5477090478 -17.5477090478 10.5496316999 -10.5496316999 14.8118928671 -14.8118928671 18.1893088818 -18.1893088818 16.4051114321 -16.4051114321 6.92083193362 -6.92083193362 0 18.9870700128 -18.9870700128 12.966825828 -12.966825828 0 12.6259500608 -12.6259500608 0 0 0 9.63185593486 -9.63185593486 0
 24.1228994131 -24.1228994131 26.5019500852 -27.5592601895 17.7858614922 -17.7858614922 18.3127881289 -18.3127881289 17.5477090478 -17.5477090478 10.5496316999 -10.5496316999 14.8118928671 -14.8118928671 18.1893088818 -18.1893088818 16.4051114321 -16.4051114321 6.92083193362 -6.92083193362 0 18.9870700128 -18.9870700128 12.966825828 -12.966825828 0 0 0 0 9.63185593486 -9.63185593486 0 22.749044776 -22.749044776
 24.1228994131 -24.1228994131 26.5019500852 -27.5592601895 17.7858614922 -17.7858614922 18.3127881289 -18.3127881289 17.5477090478 -17.5477090478 10.5496316999 -10.5496316999 14.8118928671 -14.8118928671 18.1893088818 -18.1893088818 16.4051114321 -16.4051114321 6.92083193362 -6.92083193362 0 18.9870700128 -18.9870700128 12.966825828 -12.966825828 0 0 12.3433052301 -12.3433052301 0 9.63185593486 -9.63185593486 0 22.749044776 -22.749044776
 24.1228994131 -24.1228994131 26.5019500852 -27.5592601895 17.7858614922 -17.7858614922 18.3127881289 -18.3127881289 17.5477090478 -17.5477090478 10.5496316999 -10.5496316999 14.8118928671 -14.8118928671 17.992744565 -17.992744565 16.4051114321 -16.4051114321 6.92083193362 -6.92083193362 0 18.9870700128 -18.9870700128 12.966825828 -12.966825828 0 0 12.3433052301 -12.3433052301 0 9.63185593486 -9.63185593486 0 0
 24.1228994131 -24.1228994131 26.5019500852 -27.5592601895 17.7858614922 -17.7858614922 18.3127881289 -18.3127881289 17.5477090478 -17.5477090478 10.5496316999 -10.5496316999 14.8118928671 -14.8118928671 17.992744565 -17.992744565 16.4051114321 -16.4051114321 6.92083193362 -6.92083193362 0 18.9870700128 -18.9870700128 12.966825828 -12.966825828 0 0 12.3433052301 -12.3433052301 0 10.3807137907 -10.3807137907 0 0
 24.1228994131 -24.1228994131 28.1306087598 -28.126532279 17.7858614922 -17.7858614922 18.3127881289 -18.3127881289 17.5477090478 -17.5477090478 10.5496316999 -10.5496316999 14.8118928671 -14.8118928671 16.4051114321 -16.4051114321 6.92083193362 -6.92083193362 0 18.9870700128 -18.9870700128 12.966825828 -12.966825828 0 0 12.3433052301 -12.3433052301 0 10.3807137907 -10.3807137907 0 0 0
 24.1228994131 -24.1228994131 28.1306087598 -28.126532279 17.7858614922 -17.7858614922 18.3127881289 -18.3127881289 17.5477090478 -17.5477090478 10.5496316999 -10.5496316999 14.8118928671 -14.8118928671 16.4051114321 -16.4051114321 6.92083193362 -6.92083193362 0 18.9870700128 -18.9870700128 12.966825828 -12.966825828 0 0 12.3433052301 -12.3433052301 19.5225816965 -19.5058386326 10.3807137907 -10.3807137907 0 0 0
 24.1228994131 -24.1228994131 28.1306087598 -28.126532279 17.7858614922 -17.7858614922 16.0069853067 -16.0069853067 17.5477090478 -17.5477090478 10.5496316999 -10.5496316999 14.8118928671 -14.8118928671 16.4051114321 -16.4051114321 6.92083193362 -6.92083193362 0 18.9870700128 -18.9870700128 12.966825828 -12.966825828 0 0 12.3433052301 -12.3433052301 10.3807137907 -10.3807137907 0 0 0 0
 24.1228994131 -24.1228994131 28.1306087598 -28.126532279 17.7858614922 -17.7858614922 16.0069853067 -16.0069853067 17.5477090478 -17.5477090478 10.5496316999 -10.5496316999 14.8118928671 -14.8118928671 16.4051114321 -16.4051114321 6.92083193362 -6.92083193362 0 18.9870700128 -18.9870700128 12.966825828 -12.966825828 0 17.0268554688 -17.0268554688 12.3433052301 -12.3433052301 10.3807137907 -10.3807137907 0 0 0 0
 24.1228994131 -24.1228994131 28.1306087598 -28.126532279 17.7858614922 -17.7858614922 17.5477090478 -17.5477090478 10.5496316999 -10.5496316999 14.8118928671 -14.8118928671 16.4051114321 -16.4051114321 6.92083193362 -6.92083193362 0 14.6065301895 -14.6065301895 12.966825828 -12.966825828 0 17.0268554688 -17.0268554688 12.3433052301 -12.3433052301 10.3807137907 -10.3807137907 0 0 0 0 0
 24.1228994131 -24.1228994131 25.7536683083 -25.7536683083 17.7858614922 -17.7858614922 17.5477090478 -17.5477090478 10.5496316999 -10.5496316999 14.8118928671 -14.8118928671 16.4051114321 -16.4051114321 6.92083193362 -6.92083193362 0 14.6065301895 -14.6065301895 12.966825828 -12.966825828 0 17.0268554688 -17.0268554688 12.3433052301 -12.3433052301 10.3807137907 -10.3807137907 0 0 0 0 0
 24.1228994131 -24.1228994131 25.7536683083 -25.7536683083 17.7858614922 -17.7858614922 17.5477090478 -17.5477090478 10.5496316999 -10.5496316999 14.8118928671 -14.8118928671 17.1671110392 -17.1671110392 6.92083193362 -6.92083193362 0 12.966825828 -12.966825828 0 17.0268554688 -17.0268554688 12.3433052301 -12.3433052301 10.3807137907 -10.3807137907 0 0 0 0 0 0
 24.1228994131 -24.1228994131 25.7536683083 -25.7536683083 17.7858614922 -17.7858614922 17.5477090478 -17.5477090478 10.5496316999 -10.5496316999 14.8118928671 -14.8118928671 17.1671110392 -17.1671110392 6.92083193362 -6.92083193362 15.6895136833 -15.6895136833 12.966825828 -12.966825828 0 17.0268554688 -17.0268554688 12.3433052301 -12.3433052301 10.3807137907 -10.3807137907 0 0 0 0 0 0
 24.1228994131 -24.1228994131 25.7536683083 -25.7536683083 17.7858614922 -17.7858614922 17.5477090478 -17.5477090478 10.5496316999 -10.5496316999 14.8118928671 -14.8118928671 6.92083193362 -6.92083193362 15.6895136833 -15.6895136833 12.966825828 -12.966825828 0 17.0268554688 -17.0268554688 12.3433052301 -12.3433052301 10.3807137907 -10.3807137907 0 0 0 0 17.191824913 -17.191824913 0 0
 24.1228994131 -24.1228994131 25.7536683083 -25.7536683083 15.4868064225 -15.4868064225 17.5477090478 -17.5477090478 10.5496316999 -10.5496316999 14.8118928671 -14.8118928671 6.92083193362 -6.92083193362 15.6895136833 -15.6895136833 12.966825828 -12.966825828 0 17.0268554688 -17.0268554688 12.3433052301 -12.3433052301 10.3807137907 -10.3807137907 0 0 0 0 17.191824913 -17.191824913 0 0
 24.1228994131 -24.1228994131 25.7536683083 -25.7536683083 17.5477090478 -17.5477090478 10.5496316999 -10.5496316999 14.8118928671 -14.8118928671 6.92083193362 -6.92083193362 15.6895136833 -15.6895136833 12.966825828 -12.966825828 17.3885648847 -17.3885648847 17.0268554688 -17.0268554688 12.3433052301 -12.3433052301 10.3807137907 -10.3807137907 0 0 0 0 17.191824913 -17.191824913 0 0 0
 24.1228994131 -24.1228994131 27.4215874076 -27.4215874076 17.5477090478 -17.5477090478 10.5496316999 -10.5496316999 14.8118928671 -14.8118928671 6.92083193362 -6.92083193362 15.6895136833 -15.6895136833 12.966825828 -12.966825828 17.3885648847 -17.3885648847 17.0268554688 -17.0268554688 12.3433052301 -12.3433052301 10.3807137907 -10.3807137907 0 0 0 0 17.191824913 -17.191824913 0 0 0
 24.1228994131 -24.1228994131 27.4215874076 -27.4215874076 17.5477090478 -17.5477090478 10.5496316999 -10.5496316999 14.8118928671 -14.8118928671 6.92083193362 -6.92083193362 15.6895136833 -15.6895136833 12.966825828 -12.966825828 17.0268554688 -17.0268554688 12.3433052301 -12.3433052301 10.3807137907 -10.3807137907 0 0 0 0 14.7128178962 -14.712833751 0 0 0 0
 24.1228994131 -24.1228994131 27.4215874076 -27.4215874076 17.5477090478 -17.5477090478 10.5496316999 -10.5496316999 14.8118928671 -14.8118928671 6.92083193362 -6.92083193362 15.6895136833 -15.6895136833 12.966825828 -12.966825828 16.856834054 -16.856834054 12.3433052301 -12.3433052301 10.3807137907 -10.3807137907 0 0 0 0 14.7128178962 -14.712833751 0 0 0 0
 29.998079896 -29.998079896 27.4215874076 -27.4215874076 17.5477090478 -17.5477090478 10.5496316999 -10.5496316999 14.8118928671 -14.8118928671 6.92083193362 -6.92083193362 15.6895136833 -15.6895136833 12.966825828 -12.966825828 16.856834054 -16.856834054 12.3433052301 -12.3433052301 10.3807137907 -10.3807137907 0 0 0 0 0 0 0 0 0
 29.998079896 -29.998079896 27.4215874076 -27.4215874076 17.5477090478 -17.5477090478 10.5496316999 -10.5496316999 14.8118928671 -14.8118928671 6.92083193362 -6.92083193362 15.6895136833 -15.6895136833 12.966825828 -12.966825828 16.856834054 -16.856834054 12.3433052301 -12.3433052301 10.3807137907 -10.3807137907 0 0 0 0 0 0 0 25.2737481594 -27.71113801 0
 29.998079896 -29.998079896 27.4215874076 -27.4215874076 17.5477090478 -17.5477090478 10.5496316999 -10.5496316999 14.8118928671 -14.8118928671 6.92083193362 -6.92083193362 15.6895136833 -15.6895136833 12.966825828 -12.966825828 16.856834054 -16.856834054 12.3433052301 -12.3433052301 10.3807137907 -10.3807137907 0 14.9084054232 -14.9084054232 0 0 0 0 0 0 0
 29.998079896 -29.998079896 27.4215874076 -27.4215874076 17.5477090478 -17.5477090478 10.5496316999 -10.5496316999 14.8118928671 -14.8118928671 6.92083193362 -6.92083193362 15.6895136833 -15.6895136833 12.966825828 -12.966825828 16.856834054 -16.856834054 12.3433052301 -12.3433052301 10.3807137907 -10.3807137907 0 14.9084054232 -14.9084054232 0 0 0 14.6673048139 -14.6673048139 0 0 0
 29.998079896 -29.998079896 27.4215874076 -27.4215874076 17.5477090478 -17.5477090478 10.5496316999 -10.5496316999 14.8118928671 -14.8118928671 6.92083193362 -6.92083193362 15.6895136833 -15.6895136833 12.966825828 -12.966825828 16.856834054 -16.856834054 12.3433052301 -12.3433052301 10.3807137907 -10.3807137907 0 0 0 0 14.6673048139 -14.6673048139 0 14.6231912971 -14.6231912971 0 0
