 17.5489978492 27.9449865818 16.3410687447 23.5856932402 13.8989243507 15.1731927395 17.014747858 20.9225261211 24.9367492199 16.133408308
 20.7810693979 27.9449865818 16.3410687447 23.5856932402 13.8989243507 15.1731927395 17.014747858 20.9225261211 24.9367492199 16.133408308
 20.7810693979 27.9449865818 16.3410687447 24.810320437 13.8989243507 15.1731927395 17.014747858 20.9225261211 24.9367492199 16.133408308
 27.9449865818 16.3410687447 24.810320437 13.8989243507 15.7888050079 17.014747858 20.9225261211 24.9367492199 16.133408308 0
 28.1777098179 16.3410687447 24.810320437 13.8989243507 15.7888050079 17.014747858 20.9225261211 24.9367492199 16.133408308 0
 27.7004687786 16.3410687447 24.810320437 13.8989243507 17.014747858 20.9225261211 24.9367492199 16.133408308 0 0
 27.7004687786 16.3410687447 24.810320437 13.8989243507 17.014747858 24.543722868 24.9367492199 16.133408308 0 0
 27.7004687786 16.3410687447 24.810320437 13.8989243507 17.014747858 24.9367492199 16.133408308 0 17.4442960471 0
 27.7004687786 16.3410687447 24.810320437 13.8989243507 17.014747858 24.9367492199 16.133408308 15.8465566635 17.4442960471 0
 27.7004687786 16.3410687447 24.810320437 13.8989243507 17.014747858 21.4164496958 16.133408308 17.4442960471 0 0
 27.7004687786 16.3410687447 24.810320437 13.8989243507 16.6951744556 21.4164496958 16.133408308 17.4442960471 0 0
 27.7004687786 16.3410687447 24.810320437 13.8989243507 21.4164496958 16.133408308 17.4442960471 0 0 20.5834373236
 27.7004687786 16.3410687447 24.810320437 13.8989243507 21.4164496958 16.133408308 17.4442960471 0 18.5105439425 20.5834373236
 27.7004687786 16.3410687447 24.810320437 13.8989243507 23.5112086535 16.133408308 17.4442960471 0 20.5834373236 0
 27.7004687786 16.3410687447 24.810320437 13.8989243507 23.5112086535 16.133408308 17.4442960471 0 22.2994410992 0
 27.7004687786 16.3410687447 24.810320437 13.8989243507 23.5112086535 16.133408308 18.4358906746 0 0 0
 27.7004687786 16.3410687447 24.810320437 14.1057013273 23.5112086535 16.133408308 18.4358906746 0 0 0
 28.6664596796 16.3410687447 24.810320437 23.5112086535 16.133408308 18.4358906746 0 0 0 0
 28.6664596796 16.3410687447 24.810320437 23.5112086535 16.133408308 18.4358906746 30.3973114491 0 0 0
 16.48401618 24.810320437 23.5112086535 16.133408308 18.4358906746 30.3973114491 0 0 0 0
 16.48401618 24.810320437 23.5112086535 16.133408308 18.4358906746 30.3973114491 0 0 0 19.0685446262
 24.810320437 23.5112086535 16.1291559935 18.4358906746 30.3973114491 0 0 0 19.0685446262 0
 24.810320437 23.5112086535 16.1291559935 18.4358906746 30.3973114491 20.9001049995 0 0 19.0685446262 0
 24.810320437 23.5112086535 18.4358906746 28.2084876299 20.9001049995 0 0 19.0685446262 0 0
 24.810320437 23.5112086535 18.3475643396 28.2084876299 20.9001049995 0 0 19.0685446262 0 0
