 7.36994686723 14.2548943758 25.081384182 16.3290598989 9.11640489101 15.7290258408 16.6328729391 16.171015501 6.45317175984 12.165310204
 7.36994686723 14.2548943758 25.081384182 16.3290598989 9.11640489101 15.7290258408 16.6328729391 16.171015501 6.13272819668 12.165310204
 7.36994686723 13.901570797 25.081384182 16.3290598989 9.11640489101 15.7290258408 16.6328729391 16.171015501 6.13272819668 12.165310204
 7.36994686723 13.901570797 25.081384182 16.5869752169 9.11640489101 15.7290258408 16.6328729391 16.171015501 12.165310204 0
 7.36994686723 13.901570797 25.081384182 16.5869752169 9.11640489101 15.7290258408 16.6328729391 16.171015501 12.165310204 16.2278586626
 7.36994686723 13.901570797 25.081384182 16.5869752169 9.33584296703 15.7290258408 16.6328729391 16.171015501 12.165310204 0
 7.36994686723 13.901570797 25.081384182 16.5869752169 9.33584296703 15.7290258408 16.6328729391 15.9835267067 12.165310204 0
 7.36994686723 13.901570797 25.081384182 16.5869752169 15.7290258408 16.6328729391 15.9835267067 19.8848176003 0 0
 9.17279217672 13.901570797 25.081384182 16.5869752169 15.7290258408 16.6328729391 15.9835267067 19.8848176003 0 0
 13.9435269237 25.081384182 16.5869752169 15.7290258408 16.6328729391 15.9835267067 19.8848176003 0 0 0
 13.9435269237 25.081384182 17.2062089443 15.7290258408 16.6328729391 15.9835267067 19.8848176003 0 0 0
 25.081384182 17.2062089443 15.7290258408 16.6328729391 15.9835267067 19.8848176003 0 15.6538826227 0 0
 25.081384182 17.2062089443 16.1139922142 16.6328729391 15.9835267067 19.8848176003 0 15.6538826227 0 0
 25.081384182 17.2062089443 16.1139922142 16.6328729391 15.9835267067 19.8848176003 15.8178343177 0 0 0
 25.081384182 17.2062089443 16.1139922142 16.6328729391 15.9835267067 19.8848176003 15.8178343177 0 0 16.2336272001
 25.081384182 17.2062089443 16.1139922142 16.6328729391 15.9835267067 17.2825336456 0 0 16.2336272001 0
 25.081384182 17.2062089443 16.1139922142 16.6328729391 15.9835267067 17.2825336456 15.15497756 0 16.2336272001 0
 25.081384182 17.2062089443 16.1139922142 16.6328729391 15.9835267067 17.2825336456 0 13.6397502422 0 0
 25.081384182 17.2062089443 16.1139922142 16.6328729391 15.9835267067 17.2825336456 0 13.6397502422 0 15.3566037118
 25.081384182 17.2062089443 16.1139922142 16.6328729391 15.9835267067 16.0571998656 0 0 15.3566037118 0
 25.081384182 17.2062089443 16.1139922142 16.6328729391 15.9835267067 16.0571998656 0 0 10.2515751272 0
 25.081384182 17.2062089443 14.7024375498 16.6328729391 15.9835267067 16.0571998656 0 0 0 0
 25.081384182 17.2062089443 14.7024375498 16.6328729391 15.9835267067 16.3895889521 0 0 0 0
 25.081384182 17.2062089443 16.6328729391 15.9835267067 16.3895889521 0 0 0 14.7177016437 0
 25.081384182 17.2062089443 16.6328729391 15.9835267067 16.3895889521 0 15.1031555533 0 14.7177016437 0
 25.081384182 17.2062089443 17.3907630444 15.9835267067 16.3895889521 0 15.1031555533 0 0 0
 25.081384182 16.5739601254 17.3907630444 15.9835267067 16.3895889521 0 15.1031555533 0 0 0
 25.081384182 17.3907630444 15.9835267067 16.7077488899 0 15.1031555533 0 0 0 0
 25.081384182 17.3907630444 15.9835267067 16.7077488899 15.9789980054 15.1031555533 0 0 0 0
 25.081384182 17.3907630444 15.9835267067 16.7077488899 15.1031555533 0 0 16.7472126484 0 0
 25.081384182 17.7322216034 15.9835267067 16.7077488899 15.1031555533 0 0 16.7472126484 0 0
 25.081384182 17.7322216034 15.9835267067 16.7077488899 15.1031555533 13.9575271606 0 0 0 0
 25.081384182 17.7322216034 16.2281057835 16.7077488899 15.1031555533 13.9575271606 0 0 0 0
 19.2221239805 17.7322216034 16.2281057835 16.7077488899 15.1031555533 0 0 0 0 0
 19.2221239805 17.7322216034 16.2281057835 16.7077488899 15.1031555533 13.8646585941 0 0 0 0
 19.2221239805 17.7322216034 15.6813721657 16.7077488899 15.1031555533 0 0 0 0 0
 19.2221239805 17.7322216034 15.6813721657 16.7077488899 15.1031555533 0 0 0 0 16.1376150846
 19.2221239805 17.7322216034 16.7077488899 15.1031555533 0 0 0 0 16.0848760605 0
 19.2221239805 17.7322216034 16.7077488899 15.1031555533 0 0 0 0 16.0848760605 16.0347021818
 18.8811501265 17.7322216034 16.7077488899 15.1031555533 0 0 0 0 16.0848760605 0
 18.8811501265 16.3224254847 16.7077488899 15.1031555533 0 0 0 0 16.0848760605 0
 18.8811501265 16.7077488899 15.1031555533 0 18.5504124165 0 0 16.0848760605 0 0
 18.8811501265 16.7077488899 15.1031555533 0 18.5504124165 0 14.999402523 16.0848760605 0 0
 18.8811501265 16.7077488899 15.1031555533 0 18.5504124165 0 16.0848760605 0 17.4626252949 0
 19.3151903152 16.7077488899 15.1031555533 0 18.5504124165 0 16.0848760605 0 17.4626252949 0
 19.3151903152 16.7077488899 15.1031555533 0 18.5504124165 0 16.0848760605 0 23.2730085254 0
 19.3151903152 16.7077488899 16.1037105322 0 18.5504124165 0 16.0848760605 0 23.2730085254 0
 19.3151903152 16.7077488899 0 18.5504124165 0 16.0848760605 0 23.2730085254 0 26.9033056498
 19.3151903152 16.7077488899 0 18.5504124165 0 16.0067886114 0 23.2730085254 0 26.9033056498
 19.3151903152 16.7077488899 0 18.5504124165 0 0 23.2730085254 0 27.5249123573 0
 19.3151903152 16.7077488899 0 18.5504124165 0 0 23.2730085254 0 27.5249123573 23.223736763
 19.3151903152 16.7077488899 0 18.5504124165 0 14.4248856604 23.2730085254 0 27.5249123573 0
 19.3151903152 16.7077488899 0 18.5504124165 0 14.4248856604 25.9398921728 0 27.5249123573 0
 19.3151903152 16.7077488899 0 18.5504124165 27.3840367794 25.9398921728 0 27.5249123573 0 0
 19.3151903152 16.7077488899 0 18.5504124165 27.3840367794 25.6684038937 0 27.5249123573 0 0
 19.3151903152 13.2353079319 0 18.5504124165 27.3840367794 0 27.5249123573 0 0 0
 19.3151903152 13.2353079319 0 18.5504124165 27.3840367794 0 21.2513157129 0 0 0
 19.3151903152 0 18.5504124165 18.9200133085 0 21.2513157129 0 0 0 0
 19.3151903152 0 18.5504124165 18.9200133085 0 21.2513157129 22.342208147 0 0 0
 19.3151903152 0 18.5504124165 0 21.2513157129 22.342208147 0 13.9901506901 0 0
 23.3296781778 0 18.5504124165 0 21.2513157129 22.342208147 0 13.9901506901 0 0
 23.3296781778 0 19.9683090448 0 21.2513157129 22.342208147 0 0 0 0
 23.3296781778 0 19.9683090448 0 21.2513157129 22.342208147 25.6872772276 0 0 0
 17.6405231059 0 0 21.2513157129 22.342208147 25.6872772276 0 0 0 0
 17.6405231059 0 17.9227294922 21.2513157129 22.342208147 25.6872772276 0 0 0 0
 16.641754508 17.9227294922 21.2513157129 22.342208147 25.6872772276 0 0 0 0 0
 16.641754508 17.9227294922 21.2513157129 22.342208147 25.6872772276 0 27.1445900202 0 0 0
 17.9227294922 21.2513157129 22.5725850463 25.6872772276 0 27.1445900202 0 0 0 0
 17.9227294922 21.2513157129 22.5725850463 25.6872772276 0 27.1445900202 0 23.6550384164 0 0
 17.9227294922 33.7751750946 25.6872772276 0 27.1445900202 0 23.6550384164 0 0 0
 17.9227294922 33.7751750946 25.6872772276 0 23.7798538953 0 23.6550384164 0 0 0
 25.8300419748 33.7751750946 25.6872772276 0 0 23.6550384164 0 0 0 0
 25.8300419748 33.7751750946 25.6872772276 0 0 27.12183851 0 0 0 0
 33.7751750946 25.6872772276 0 0 27.12183851 0 0 0 -2.45873513818 0
 33.7751750946 25.6872772276 0 0 27.12183851 0 0 22.8939716965 -2.45873513818 0
 37.6831818819 25.6872772276 0 0 27.12183851 0 0 22.8939716965 0 0
 37.6831818819 25.6872772276 2.24530693889 0 27.12183851 0 0 22.8939716965 0 0
 37.6831818819 25.6872772276 0 23.5036283117 0 0 22.8939716965 0 0 0
 37.6831818819 25.6872772276 0 23.5036283117 23.8950337172 0 22.8939716965 0 0 0
 37.6831818819 25.6872772276 0 18.5150535107 0 22.8939716965 0 0 0 0
 29.4124912024 25.6872772276 0 18.5150535107 0 22.8939716965 0 0 0 0
 29.4124912024 25.6872772276 0 0 22.8939716965 0 0 22.3027306646 0 0
 29.4124912024 25.6872772276 0 0 22.8939716965 22.5534339547 0 22.3027306646 0 0
 29.4124912024 25.6872772276 0 0 29.5601629019 22.5534339547 0 0 0 0
 29.4124912024 25.6872772276 0 0 29.5601629019 25.2007244825 0 0 0 0
 29.4124912024 25.6872772276 0 0 29.5601629019 0 0 0 0 24.0451386571
 29.4124912024 25.6872772276 0 21.7201500535 29.5601629019 0 0 0 0 24.0451386571
 29.4124912024 25.6872772276 0 29.5601629019 0 0 0 34.664917469 24.0451386571 0
 29.4124912024 25.6872772276 0 29.5601629019 0 19.5902681351 0 34.664917469 24.0451386571 0
 27.1882032156 25.6872772276 0 29.5601629019 0 0 34.664917469 24.0451386571 0 0
 27.1882032156 25.6872772276 0 29.5601629019 0 0 25.7243451476 24.0451386571 0 0
 27.1882032156 25.6872772276 0 29.5601629019 0 0 24.0451386571 0 24.931938529 0
 27.1882032156 25.6872772276 0 29.392282486 0 0 24.0451386571 0 24.931938529 0
 27.1882032156 25.6872772276 0 29.392282486 19.2956292033 0 24.0451386571 0 0 0
 27.1882032156 25.6872772276 0 29.392282486 19.2956292033 23.591869235 24.0451386571 0 0 0
 27.1882032156 25.6872772276 0 29.392282486 23.591869235 24.0451386571 0 0 0 19.8147467375
 27.1882032156 25.6872772276 0 29.392282486 23.591869235 24.0451386571 0 31.9003014565 0 19.8147467375
 24.5684903264 25.6872772276 0 29.392282486 23.591869235 24.0451386571 0 31.9003014565 0 0
 24.5684903264 25.6872772276 0 29.392282486 23.591869235 24.0451386571 0 28.2678309679 0 0
 23.4423865676 0 29.392282486 23.591869235 24.0451386571 0 28.2678309679 0 0 0
 23.4423865676 0 29.392282486 23.591869235 24.0451386571 24.499391377 28.2678309679 0 0 0
 0 29.392282486 23.591869235 24.0451386571 24.499391377 28.2678309679 0 0 21.291380167 0
 0 24.7295367718 23.591869235 24.0451386571 24.499391377 28.2678309679 0 0 21.291380167 0
 0 24.7295367718 23.591869235 24.0451386571 24.499391377 34.8692084551 0 0 0 0
 0 24.7295367718 23.591869235 24.0451386571 27.1557762623 34.8692084551 0 0 0 0
 0 24.7295367718 23.591869235 24.0451386571 34.8692084551 0 0 23.9262055159 0 0
 0 24.7295367718 23.591869235 24.0451386571 34.8692084551 25.1678262986 0 23.9262055159 0 0
 0 24.7295367718 23.591869235 24.0451386571 34.8692084551 25.1678262986 17.7339230478 0 0 0
 0 24.7295367718 23.591869235 24.0451386571 34.8692084551 25.1678262986 17.7339230478 0 0 29.890540123
 0 24.7295367718 23.591869235 24.0451386571 34.8692084551 25.1678262986 0 25.9352837801 29.890540123 0
 0 24.7295367718 21.9131841362 24.0451386571 34.8692084551 25.1678262986 0 25.9352837801 29.890540123 0
 0 24.7295367718 24.0451386571 34.8692084551 25.1678262986 0 25.9352837801 29.890540123 27.6839198172 0
 0 24.7295367718 24.0451386571 34.8692084551 25.1678262986 0 26.406128943 29.890540123 27.6839198172 0
 0 24.7295367718 24.0451386571 34.8692084551 25.1678262986 0 29.890540123 27.6839198172 26.7576237917 0
 23.1068418622 24.7295367718 24.0451386571 34.8692084551 25.1678262986 0 29.890540123 27.6839198172 26.7576237917 0
 24.7295367718 24.0451386571 29.7728927135 25.1678262986 0 29.890540123 27.6839198172 26.7576237917 0 0
 24.7295367718 24.0451386571 29.7728927135 25.1678262986 0 29.890540123 27.6839198172 26.7576237917 0 15.9066406712
 24.7295367718 24.0451386571 29.7728927135 25.1678262986 31.303409338 29.890540123 27.6839198172 26.7576237917 0 0
 24.7295367718 24.0451386571 29.7728927135 25.1678262986 31.303409338 29.890540123 27.6839198172 26.7576237917 26.921006918 0
 24.7295367718 24.0451386571 36.3334403038 25.1678262986 31.303409338 29.890540123 27.6839198172 26.7576237917 0 0
 24.7295367718 24.0451386571 36.3334403038 25.1678262986 31.303409338 26.6798274815 27.6839198172 26.7576237917 0 0
 24.7295367718 24.0451386571 36.3334403038 27.0126696937 31.303409338 27.6839198172 26.7576237917 0 0 0
 25.9847518653 24.0451386571 36.3334403038 27.0126696937 31.303409338 27.6839198172 26.7576237917 0 0 0
 24.0451386571 36.3334403038 27.0126696937 31.6530500054 27.6839198172 26.7576237917 0 0 0 0
 24.0451386571 36.3334403038 27.0126696937 31.6530500054 27.6839198172 28.2005164623 0 0 0 0
 24.0451386571 36.3334403038 27.0126696937 29.3404897153 27.6839198172 0 0 0 0 0
 24.0451386571 28.3320040703 27.0126696937 29.3404897153 27.6839198172 0 0 0 0 0
 24.0451386571 27.0126696937 28.503513217 27.6839198172 0 0 0 0 0 0
 30.2898113728 27.0126696937 28.503513217 27.6839198172 0 0 0 0 0 0
 30.2898113728 27.0126696937 27.6839198172 17.8531236649 0 0 0 0 0 0
 30.2898113728 27.0126696937 27.6839198172 17.8531236649 0 20.823788166 0 0 0 0
 30.2898113728 27.0126696937 27.6839198172 0 20.823788166 0 0 0 24.7167754173 0
 30.2898113728 27.0126696937 27.6839198172 0 20.823788166 0 0 33.8944091797 24.7167754173 0
 30.2898113728 27.0126696937 27.6839198172 0 20.823788166 0 0 33.8944091797 0 32.3555921316
 30.2898113728 27.0126696937 27.6839198172 0 22.1730831861 0 0 33.8944091797 0 32.3555921316
 30.2898113728 27.0126696937 27.9300909042 0 0 0 33.8944091797 0 32.3555921316 0
 30.2898113728 27.0126696937 27.9300909042 0 0 31.0459385663 33.8944091797 0 32.3555921316 0
 30.2898113728 27.0126696937 0 0 31.0459385663 33.8944091797 28.0095225573 32.3555921316 0 0
 30.2898113728 27.0126696937 0 0 31.0459385663 33.8944091797 28.0095225573 32.1256674528 0 0
 30.2898113728 27.0126696937 0 0 31.0459385663 33.8944091797 31.6154439449 0 0 0
 29.9166817665 27.0126696937 0 0 31.0459385663 33.8944091797 31.6154439449 0 0 0
 27.1104792356 0 0 31.0459385663 33.8944091797 31.6154439449 0 0 0 0
